# WRITE_FORCE NAME data/force INTERVAL 100 FAZONE WALL; SCALING 1
#           1            2            3            4            5            6            7            8            9           10           11           12           13           14           15           16           17           18           19           20           21
#        step         time         area       area-x       area-y       area-z     f-conv-x     f-conv-y     f-conv-z        f-p-x        f-p-y        f-p-z     f-visc-x     f-visc-y     f-visc-z     f-body-x     f-body-y     f-body-z    f-total-x    f-total-y    f-total-z
          100     0.219318      1.53791 -6.55725e-16  3.60822e-15   -0.0821453            0            0            0    0.0811947     0.276631    0.0353604   0.00669043  -0.00131626  0.000315212            0            0            0    0.0878852     0.275315    0.0356756
          200     0.355024      1.53791 -6.55725e-16  3.60822e-15   -0.0821453            0            0            0     0.060578     0.268026    0.0412751   0.00596975  -0.00108924   0.00038535            0            0            0    0.0665477     0.266936    0.0416605
          300     0.488395      1.53791 -6.55725e-16  3.60822e-15   -0.0821453            0            0            0    0.0732966      0.31763    0.0296861   0.00549641  -0.00094304  0.000439477            0            0            0     0.078793     0.316687    0.0301255
          400     0.624464      1.53791 -6.55725e-16  3.60822e-15   -0.0821453            0            0            0   0.00456061    0.0806236    0.0502729   0.00517236 -0.000840352  0.000447433            0            0            0   0.00973297    0.0797832    0.0507203
          500     0.762322      1.53791 -6.55725e-16  3.60822e-15   -0.0821453            0            0            0    0.0479538     0.228301    0.0464176   0.00500511 -0.000749567  0.000461564            0            0            0    0.0529589     0.227551    0.0468791
          600     0.898802      1.53791 -6.55725e-16  3.60822e-15   -0.0821453            0            0            0    0.0124805     0.120336     0.045468   0.00484389 -0.000677141   0.00048777            0            0            0    0.0173243     0.119659    0.0459557
          700      1.03447      1.53791 -6.55725e-16  3.60822e-15   -0.0821453            0            0            0    0.0357113     0.174245    0.0497729   0.00473446 -0.000641973  0.000484283            0            0            0    0.0404457     0.173603    0.0502572
          800      1.17132      1.53791 -6.55725e-16  3.60822e-15   -0.0821453            0            0            0    0.0691796     0.291643    0.0476645    0.0046818 -0.000628094  0.000485009            0            0            0    0.0738614     0.291015    0.0481495
          900      1.30899      1.53791 -6.55725e-16  3.60822e-15   -0.0821453            0            0            0    0.0675861     0.275202    0.0488186   0.00461887 -0.000622748  0.000491937            0            0            0     0.072205     0.274579    0.0493106
         1000      1.44763      1.53791 -6.55725e-16  3.60822e-15   -0.0821453            0            0            0    0.0867608      0.32046    0.0536628   0.00458754 -0.000561776  0.000501426            0            0            0    0.0913483     0.319898    0.0541642
         1100       1.5834      1.53791 -6.55725e-16  3.60822e-15   -0.0821453            0            0            0    0.0550307     0.227108    0.0520768   0.00453878 -0.000560828  0.000493001            0            0            0    0.0595695     0.226548    0.0525698
         1200      1.72075      1.53791 -6.55725e-16  3.60822e-15   -0.0821453            0            0            0    0.0780262     0.289141    0.0504194    0.0045057 -0.000548753  0.000493434            0            0            0    0.0825319     0.288592    0.0509129
         1300      1.85933      1.53791 -6.55725e-16  3.60822e-15   -0.0821453            0            0            0     0.115246     0.409889    0.0501726   0.00450013 -0.000563047  0.000477551            0            0            0     0.119746     0.409326    0.0506502
         1400      1.99969      1.53791 -6.55725e-16  3.60822e-15   -0.0821453            0            0            0     0.110803     0.379236    0.0522361   0.00448519 -0.000568658  0.000476284            0            0            0     0.115288     0.378667    0.0527124
         1500      2.14109      1.53791 -6.55725e-16  3.60822e-15   -0.0821453            0            0            0    0.0947635     0.327158    0.0531087   0.00447075 -0.000582433  0.000463851            0            0            0    0.0992342     0.326576    0.0535725
         1600      2.28422      1.53791 -6.55725e-16  3.60822e-15   -0.0821453            0            0            0    0.0901616     0.300964    0.0564868   0.00446644 -0.000575447  0.000455183            0            0            0     0.094628     0.300389    0.0569419
         1700      2.42673      1.53791 -6.55725e-16  3.60822e-15   -0.0821453            0            0            0    0.0603345      0.21227    0.0555333   0.00449206 -0.000598295  0.000433589            0            0            0    0.0648266     0.211672    0.0559668
         1800      2.56917      1.53791 -6.55725e-16  3.60822e-15   -0.0821453            0            0            0    0.0494955     0.193046    0.0537569   0.00450919 -0.000592503  0.000441117            0            0            0    0.0540046     0.192454    0.0541981
         1900      2.71166      1.53791 -6.55725e-16  3.60822e-15   -0.0821453            0            0            0    0.0791889      0.27567    0.0536789   0.00453042 -0.000612383  0.000431165            0            0            0    0.0837193     0.275058    0.0541101
         2000      2.85642      1.53791 -6.55725e-16  3.60822e-15   -0.0821453            0            0            0    0.0657922     0.225797    0.0552868   0.00455101 -0.000629143  0.000437133            0            0            0    0.0703432     0.225168    0.0557239
         2100      3.00069      1.53791 -6.55725e-16  3.60822e-15   -0.0821453            0            0            0     0.077171     0.261733    0.0538157   0.00456383 -0.000650402  0.000454334            0            0            0    0.0817348     0.261083    0.0542701
         2200      3.14571      1.53791 -6.55725e-16  3.60822e-15   -0.0821453            0            0            0    0.0966318      0.31609      0.05279   0.00456307    -0.000685  0.000478829            0            0            0     0.101195     0.315405    0.0532688
         2300      3.29178      1.53791 -6.55725e-16  3.60822e-15   -0.0821453            0            0            0    0.0888071     0.292098    0.0540426   0.00454068 -0.000667169  0.000525166            0            0            0    0.0933478     0.291431    0.0545677
         2400      3.43843      1.53791 -6.55725e-16  3.60822e-15   -0.0821453            0            0            0    0.0727361      0.24804    0.0545932   0.00453428 -0.000658291  0.000578994            0            0            0    0.0772703     0.247382    0.0551722
         2500      3.58482      1.53791 -6.55725e-16  3.60822e-15   -0.0821453            0            0            0    0.0788756     0.270699    0.0510546   0.00453369 -0.000663133  0.000629725            0            0            0    0.0834092     0.270036    0.0516843
         2600      3.72914      1.53791 -6.55725e-16  3.60822e-15   -0.0821453            0            0            0    0.0748105     0.254186    0.0529685   0.00453494 -0.000655401  0.000656218            0            0            0    0.0793455      0.25353    0.0536247
         2700       3.8728      1.53791 -6.55725e-16  3.60822e-15   -0.0821453            0            0            0    0.0840613     0.280071    0.0516979   0.00448294 -0.000628229  0.000675918            0            0            0    0.0885443     0.279443    0.0523738
         2800      4.01695      1.53791 -6.55725e-16  3.60822e-15   -0.0821453            0            0            0    0.0870864     0.289254    0.0512773   0.00443284 -0.000624612  0.000696895            0            0            0    0.0915193      0.28863    0.0519742
         2900      4.16245      1.53791 -6.55725e-16  3.60822e-15   -0.0821453            0            0            0    0.0868803     0.287492    0.0511475   0.00437669 -0.000592705  0.000714837            0            0            0    0.0912569     0.286899    0.0518624
         3000       4.3077      1.53791 -6.55725e-16  3.60822e-15   -0.0821453            0            0            0     0.096055     0.315207     0.048988   0.00430732 -0.000573833  0.000718677            0            0            0     0.100362     0.314633    0.0497067
         3100      4.45271      1.53791 -6.55725e-16  3.60822e-15   -0.0821453            0            0            0    0.0877402     0.286384    0.0494694   0.00423997 -0.000561053  0.000729635            0            0            0    0.0919801     0.285823     0.050199
         3200      4.59854      1.53791 -6.55725e-16  3.60822e-15   -0.0821453            0            0            0    0.0834585     0.273083    0.0497193   0.00414575 -0.000514606   0.00076299            0            0            0    0.0876042     0.272568    0.0504823
         3300      4.74331      1.53791 -6.55725e-16  3.60822e-15   -0.0821453            0            0            0    0.0843198     0.274578    0.0495762    0.0040488 -0.000479378  0.000793935            0            0            0    0.0883686     0.274098    0.0503701
         3400      4.89056      1.53791 -6.55725e-16  3.60822e-15   -0.0821453            0            0            0    0.0795099     0.257904    0.0490465   0.00396225 -0.000438583  0.000827017            0            0            0    0.0834721     0.257465    0.0498735
         3500      5.03843      1.53791 -6.55725e-16  3.60822e-15   -0.0821453            0            0            0     0.071175     0.233047    0.0479007   0.00395828 -0.000424793  0.000833092            0            0            0    0.0751333     0.232623    0.0487338
         3600      5.18346      1.53791 -6.55725e-16  3.60822e-15   -0.0821453            0            0            0    0.0790878     0.258754    0.0477567   0.00395551 -0.000417152  0.000839869            0            0            0    0.0830433     0.258337    0.0485966
         3700      5.33156      1.53791 -6.55725e-16  3.60822e-15   -0.0821453            0            0            0    0.0774368     0.251215    0.0489303   0.00398613 -0.000430718  0.000850322            0            0            0    0.0814229     0.250785    0.0497807
         3800      5.48037      1.53791 -6.55725e-16  3.60822e-15   -0.0821453            0            0            0    0.0775829     0.252418    0.0499868   0.00402666 -0.000434757  0.000843524            0            0            0    0.0816096     0.251983    0.0508304
         3900       5.6287      1.53791 -6.55725e-16  3.60822e-15   -0.0821453            0            0            0    0.0843311     0.269057    0.0495126   0.00407398 -0.000464415  0.000844661            0            0            0    0.0884051     0.268592    0.0503573
         4000       5.7758      1.53791 -6.55725e-16  3.60822e-15   -0.0821453            0            0            0    0.0755572     0.242021    0.0494887   0.00411482 -0.000487343  0.000855955            0            0            0     0.079672     0.241533    0.0503446
         4100      5.92252      1.53791 -6.55725e-16  3.60822e-15   -0.0821453            0            0            0    0.0810584     0.257451    0.0495775   0.00411744 -0.000495699  0.000844284            0            0            0    0.0851759     0.256955    0.0504218
         4200      6.06869      1.53791 -6.55725e-16  3.60822e-15   -0.0821453            0            0            0    0.0780529     0.248079    0.0492038    0.0041158 -0.000506803  0.000831195            0            0            0    0.0821687     0.247573     0.050035
         4300      6.21651      1.53791 -6.55725e-16  3.60822e-15   -0.0821453            0            0            0      0.07506     0.237974     0.049347   0.00410688 -0.000508718  0.000824874            0            0            0    0.0791668     0.237466    0.0501719
         4400      6.36421      1.53791 -6.55725e-16  3.60822e-15   -0.0821453            0            0            0    0.0731252     0.232709    0.0487997   0.00408331  -0.00049519  0.000815301            0            0            0    0.0772085     0.232213     0.049615
         4500      6.51295      1.53791 -6.55725e-16  3.60822e-15   -0.0821453            0            0            0    0.0757495     0.239766    0.0477879   0.00402845 -0.000475077  0.000824145            0            0            0     0.079778     0.239291    0.0486121
         4600      6.66032      1.53791 -6.55725e-16  3.60822e-15   -0.0821453            0            0            0    0.0660264     0.209479    0.0467459   0.00400321 -0.000464489  0.000837747            0            0            0    0.0700296     0.209015    0.0475836
         4700      6.80967      1.53791 -6.55725e-16  3.60822e-15   -0.0821453            0            0            0    0.0672504     0.217311    0.0465778   0.00396398 -0.000445243  0.000851256            0            0            0    0.0712143     0.216865    0.0474291
         4800      6.95745      1.53791 -6.55725e-16  3.60822e-15   -0.0821453            0            0            0    0.0784728     0.250338    0.0466242   0.00391956 -0.000432657  0.000828694            0            0            0    0.0823924     0.249906    0.0474529
         4900      7.10404      1.53791 -6.55725e-16  3.60822e-15   -0.0821453            0            0            0    0.0751738     0.238364    0.0472186   0.00390261 -0.000421732  0.000799898            0            0            0    0.0790764     0.237942    0.0480185
         5000      7.25207      1.53791 -6.55725e-16  3.60822e-15   -0.0821453            0            0            0    0.0846731     0.265525    0.0471382   0.00392182 -0.000428237  0.000781089            0            0            0     0.088595     0.265096    0.0479192
         5100      7.39908      1.53791 -6.55725e-16  3.60822e-15   -0.0821453            0            0            0     0.083282     0.261191    0.0459699    0.0039191 -0.000434426  0.000781561            0            0            0    0.0872011     0.260757    0.0467515
         5200      7.54974      1.53791 -6.55725e-16  3.60822e-15   -0.0821453            0            0            0    0.0801342     0.248718    0.0460041   0.00389803 -0.000429102  0.000778137            0            0            0    0.0840323     0.248289    0.0467822
         5300      7.70385      1.53791 -6.55725e-16  3.60822e-15   -0.0821453            0            0            0    0.0784636     0.242195    0.0456992   0.00389488 -0.000432113  0.000776141            0            0            0    0.0823585     0.241763    0.0464753
         5400      7.85753      1.53791 -6.55725e-16  3.60822e-15   -0.0821453            0            0            0    0.0811763     0.248799     0.045838   0.00388296 -0.000429735  0.000764633            0            0            0    0.0850593     0.248369    0.0466027
         5500      8.01001      1.53791 -6.55725e-16  3.60822e-15   -0.0821453            0            0            0    0.0771958     0.235661    0.0455896   0.00386471 -0.000422846  0.000751655            0            0            0    0.0810605     0.235238    0.0463413
         5600       8.1615      1.53791 -6.55725e-16  3.60822e-15   -0.0821453            0            0            0    0.0762301     0.231427    0.0458337   0.00388916 -0.000429081  0.000733948            0            0            0    0.0801193     0.230998    0.0465677
         5700      8.31489      1.53791 -6.55725e-16  3.60822e-15   -0.0821453            0            0            0    0.0831253     0.250123    0.0457683   0.00388518 -0.000428368  0.000702356            0            0            0    0.0870105     0.249694    0.0464707
         5800      8.46986      1.53791 -6.55725e-16  3.60822e-15   -0.0821453            0            0            0    0.0811223     0.240508    0.0462366   0.00385122 -0.000412507  0.000694846            0            0            0    0.0849735     0.240095    0.0469315
         5900       8.6237      1.53791 -6.55725e-16  3.60822e-15   -0.0821453            0            0            0    0.0816764     0.239596    0.0467992   0.00383821 -0.000398014  0.000697019            0            0            0    0.0855146     0.239198    0.0474962
         6000       8.7743      1.53791 -6.55725e-16  3.60822e-15   -0.0821453            0            0            0     0.085582     0.250038    0.0467649   0.00384609 -0.000402589  0.000702982            0            0            0    0.0894281     0.249635    0.0474679
         6100      8.92792      1.53791 -6.55725e-16  3.60822e-15   -0.0821453            0            0            0    0.0847789     0.246895    0.0468646   0.00387768 -0.000415631  0.000706885            0            0            0    0.0886566     0.246479    0.0475715
         6200      9.08072      1.53791 -6.55725e-16  3.60822e-15   -0.0821453            0            0            0    0.0836647     0.243256    0.0469659   0.00391492 -0.000431205  0.000712687            0            0            0    0.0875797     0.242825    0.0476786
         6300      9.23381      1.53791 -6.55725e-16  3.60822e-15   -0.0821453            0            0            0    0.0867453     0.250867    0.0465614   0.00393082  -0.00043899  0.000704372            0            0            0    0.0906761     0.250428    0.0472657
         6400       9.3863      1.53791 -6.55725e-16  3.60822e-15   -0.0821453            0            0            0    0.0875869     0.252379    0.0453979    0.0039341 -0.000452015  0.000703586            0            0            0     0.091521     0.251927    0.0461015
         6500      9.53754      1.53791 -6.55725e-16  3.60822e-15   -0.0821453            0            0            0    0.0835158     0.238676    0.0446604   0.00391359 -0.000463242  0.000698106            0            0            0    0.0874294     0.238213    0.0453585
         6600      9.69337      1.53791 -6.55725e-16  3.60822e-15   -0.0821453            0            0            0    0.0838501     0.240713     0.043455    0.0038887 -0.000463477  0.000687674            0            0            0    0.0877388      0.24025    0.0441427
         6700       9.8477      1.53791 -6.55725e-16  3.60822e-15   -0.0821453            0            0            0     0.083297     0.238284    0.0418022    0.0038532 -0.000468301  0.000688534            0            0            0    0.0871502     0.237816    0.0424907
         6800      10.0008      1.53791 -6.55725e-16  3.60822e-15   -0.0821453            0            0            0    0.0789352     0.225232    0.0405663    0.0037984 -0.000452899  0.000679697            0            0            0    0.0827335     0.224779     0.041246
         6900      10.1568      1.53791 -6.55725e-16  3.60822e-15   -0.0821453            0            0            0    0.0787304     0.224404    0.0387751   0.00374584 -0.000441008  0.000664085            0            0            0    0.0824762     0.223962    0.0394392
         7000      10.3155      1.53791 -6.55725e-16  3.60822e-15   -0.0821453            0            0            0    0.0753738     0.215892    0.0373709   0.00372808 -0.000442799  0.000636956            0            0            0    0.0791019     0.215449    0.0380078
         7100      10.4739      1.53791 -6.55725e-16  3.60822e-15   -0.0821453            0            0            0      0.07295     0.210308    0.0366819   0.00371326 -0.000440646  0.000604474            0            0            0    0.0766633     0.209867    0.0372864
         7200      10.6333      1.53791 -6.55725e-16  3.60822e-15   -0.0821453            0            0            0    0.0720081     0.209788    0.0361451   0.00370215 -0.000436071  0.000591258            0            0            0    0.0757102     0.209352    0.0367364
         7300      10.7915      1.53791 -6.55725e-16  3.60822e-15   -0.0821453            0            0            0     0.074625     0.218554    0.0362063   0.00365908 -0.000412798  0.000590216            0            0            0     0.078284     0.218141    0.0367965
         7400      10.9492      1.53791 -6.55725e-16  3.60822e-15   -0.0821453            0            0            0    0.0757621      0.22193    0.0358846    0.0036197 -0.000392631  0.000595773            0            0            0    0.0793818     0.221538    0.0364804
         7500      11.1007      1.53791 -6.55725e-16  3.60822e-15   -0.0821453            0            0            0    0.0714447     0.209496     0.036163   0.00360555 -0.000382991  0.000599682            0            0            0    0.0750502     0.209113    0.0367627
         7600      11.2548      1.53791 -6.55725e-16  3.60822e-15   -0.0821453            0            0            0    0.0731461     0.216368    0.0360579   0.00360271 -0.000372117   0.00062741            0            0            0    0.0767488     0.215996    0.0366853
         7700      11.4107      1.53791 -6.55725e-16  3.60822e-15   -0.0821453            0            0            0    0.0704643     0.207838     0.036368   0.00365512 -0.000397856   0.00064438            0            0            0    0.0741194      0.20744    0.0370124
         7800      11.5668      1.53791 -6.55725e-16  3.60822e-15   -0.0821453            0            0            0    0.0688584     0.203487    0.0376683   0.00368402 -0.000405291  0.000642652            0            0            0    0.0725425     0.203081     0.038311
         7900      11.7239      1.53791 -6.55725e-16  3.60822e-15   -0.0821453            0            0            0    0.0684891     0.202672    0.0383511   0.00370419 -0.000404443  0.000624931            0            0            0    0.0721933     0.202267     0.038976
         8000      11.8781      1.53791 -6.55725e-16  3.60822e-15   -0.0821453            0            0            0    0.0693654     0.204708    0.0388341   0.00372823 -0.000413376  0.000627644            0            0            0    0.0730936     0.204295    0.0394618
         8100      12.0304      1.53791 -6.55725e-16  3.60822e-15   -0.0821453            0            0            0    0.0715609     0.210049    0.0392568   0.00375082 -0.000421758   0.00063718            0            0            0    0.0753117     0.209628     0.039894
         8200      12.1874      1.53791 -6.55725e-16  3.60822e-15   -0.0821453            0            0            0    0.0712827     0.208358    0.0401738   0.00378648 -0.000437519  0.000672088            0            0            0    0.0750691      0.20792    0.0408458
         8300      12.3441      1.53791 -6.55725e-16  3.60822e-15   -0.0821453            0            0            0     0.075419     0.221358    0.0405322   0.00376631 -0.000429207  0.000713878            0            0            0    0.0791853     0.220928    0.0412461
         8400      12.5009      1.53791 -6.55725e-16  3.60822e-15   -0.0821453            0            0            0    0.0743049     0.217995    0.0403859   0.00375262  -0.00042423   0.00074394            0            0            0    0.0780575      0.21757    0.0411299
         8500      12.6554      1.53791 -6.55725e-16  3.60822e-15   -0.0821453            0            0            0    0.0700478     0.207265    0.0403273   0.00373402 -0.000413624  0.000758421            0            0            0    0.0737819     0.206851    0.0410858
         8600      12.8122      1.53791 -6.55725e-16  3.60822e-15   -0.0821453            0            0            0    0.0723855     0.215662    0.0404824   0.00370975 -0.000402208  0.000763171            0            0            0    0.0760952     0.215259    0.0412455
         8700      12.9699      1.53791 -6.55725e-16  3.60822e-15   -0.0821453            0            0            0    0.0729388     0.216753    0.0403457   0.00368392 -0.000395454  0.000788078            0            0            0    0.0766227     0.216358    0.0411338
         8800       13.127      1.53791 -6.55725e-16  3.60822e-15   -0.0821453            0            0            0    0.0742395     0.219475    0.0401357   0.00366231 -0.000390279  0.000795903            0            0            0    0.0779018     0.219085    0.0409316
         8900      13.2851      1.53791 -6.55725e-16  3.60822e-15   -0.0821453            0            0            0    0.0756049     0.222998    0.0395999   0.00360363 -0.000367117  0.000792164            0            0            0    0.0792085     0.222631    0.0403921
         9000      13.4435      1.53791 -6.55725e-16  3.60822e-15   -0.0821453            0            0            0    0.0758317     0.221602    0.0387414   0.00357771 -0.000357727  0.000778521            0            0            0    0.0794094     0.221245    0.0395199
         9100         13.6      1.53791 -6.55725e-16  3.60822e-15   -0.0821453            0            0            0    0.0734107     0.214236    0.0381727   0.00361074 -0.000383879  0.000764712            0            0            0    0.0770214     0.213852    0.0389374
         9200      13.7565      1.53791 -6.55725e-16  3.60822e-15   -0.0821453            0            0            0    0.0726845     0.212082    0.0382375   0.00363618 -0.000398668  0.000756553            0            0            0    0.0763207     0.211683     0.038994
         9300      13.9126      1.53791 -6.55725e-16  3.60822e-15   -0.0821453            0            0            0    0.0760521     0.222393    0.0381193   0.00365479 -0.000405262  0.000758247            0            0            0    0.0797068     0.221988    0.0388775
         9400      14.0711      1.53791 -6.55725e-16  3.60822e-15   -0.0821453            0            0            0    0.0743303     0.217111      0.03761   0.00366517 -0.000412164  0.000770097            0            0            0    0.0779954     0.216699    0.0383801
         9500      14.2304      1.53791 -6.55725e-16  3.60822e-15   -0.0821453            0            0            0    0.0712656     0.209358    0.0373894   0.00368971 -0.000417717  0.000760222            0            0            0    0.0749553     0.208941    0.0381496
         9600      14.3901      1.53791 -6.55725e-16  3.60822e-15   -0.0821453            0            0            0    0.0720281     0.213331     0.037561   0.00370064 -0.000423839  0.000738655            0            0            0    0.0757288     0.212908    0.0382996
         9700      14.5458      1.53791 -6.55725e-16  3.60822e-15   -0.0821453            0            0            0    0.0712336     0.214198    0.0378239     0.003712 -0.000423033  0.000724416            0            0            0    0.0749456     0.213775    0.0385483
         9800       14.702      1.53791 -6.55725e-16  3.60822e-15   -0.0821453            0            0            0    0.0672371     0.205595    0.0378543   0.00374123 -0.000429544   0.00075023            0            0            0    0.0709783     0.205166    0.0386045
         9900      14.8567      1.53791 -6.55725e-16  3.60822e-15   -0.0821453            0            0            0    0.0663954     0.206178    0.0376383   0.00371871 -0.000424239  0.000784435            0            0            0    0.0701141     0.205754    0.0384227
        10000       15.013      1.53791 -6.55725e-16  3.60822e-15   -0.0821453            0            0            0    0.0688254     0.214505     0.037156   0.00367088 -0.000406619  0.000802763            0            0            0    0.0724963     0.214098    0.0379587
        10100      15.1689      1.53791 -6.55725e-16  3.60822e-15   -0.0821453            0            0            0    0.0666174     0.208058    0.0361618   0.00366214 -0.000407452  0.000821155            0            0            0    0.0702796      0.20765     0.036983
        10200      15.3244      1.53791 -6.55725e-16  3.60822e-15   -0.0821453            0            0            0    0.0653773     0.204577    0.0351707   0.00367156 -0.000421887  0.000859545            0            0            0    0.0690489     0.204155    0.0360302
