# WRITE_FORCE NAME data/force INTERVAL 100 FAZONE WALL; SCALING 1
#           1            2            3            4            5            6            7            8            9           10           11           12           13           14           15           16           17           18           19           20           21
#        step         time         area       area-x       area-y       area-z     f-conv-x     f-conv-y     f-conv-z        f-p-x        f-p-y        f-p-z     f-visc-x     f-visc-y     f-visc-z     f-body-x     f-body-y     f-body-z    f-total-x    f-total-y    f-total-z
          100     0.210648      1.49872 -1.17961e-16 -5.32907e-15   -0.0818632            0            0            0    0.0903218     0.266719    0.0344577   0.00578876  -0.00176029  0.000293672            0            0            0    0.0961105     0.264959    0.0347514
          200     0.348193      1.49872 -1.17961e-16 -5.32907e-15   -0.0818632            0            0            0    0.0741136     0.254565    0.0378795   0.00492605  -0.00167729  0.000265754            0            0            0    0.0790397     0.252887    0.0381453
          300     0.470816      1.49872 -1.17961e-16 -5.32907e-15   -0.0818632            0            0            0    0.0790303     0.291481    0.0276885   0.00456459  -0.00161426  0.000267762            0            0            0    0.0835948     0.289867    0.0279562
          400     0.600953      1.49872 -1.17961e-16 -5.32907e-15   -0.0818632            0            0            0     0.035968     0.153544    0.0495142   0.00433123  -0.00150706  0.000221271            0            0            0    0.0402992     0.152037    0.0497355
          500     0.735105      1.49872 -1.17961e-16 -5.32907e-15   -0.0818632            0            0            0     0.080394     0.255073    0.0405992   0.00418539  -0.00146279  0.000168907            0            0            0    0.0845794      0.25361    0.0407681
          600     0.875594      1.49872 -1.17961e-16 -5.32907e-15   -0.0818632            0            0            0    0.0715967     0.250409    0.0495937   0.00407171  -0.00141043   0.00015867            0            0            0    0.0756684     0.248998    0.0497523
          700      1.00631      1.49872 -1.17961e-16 -5.32907e-15   -0.0818632            0            0            0    0.0608411     0.200644    0.0486927   0.00401095  -0.00137737  0.000103712            0            0            0    0.0648521     0.199266    0.0487964
          800      1.14421      1.49872 -1.17961e-16 -5.32907e-15   -0.0818632            0            0            0    0.0466356     0.167236    0.0468773   0.00402001  -0.00139521  8.73026e-05            0            0            0    0.0506556     0.165841    0.0469646
          900      1.28438      1.49872 -1.17961e-16 -5.32907e-15   -0.0818632            0            0            0    0.0494881     0.171891    0.0472267   0.00394482  -0.00138712   9.6483e-05            0            0            0    0.0534329     0.170504    0.0473232
         1000      1.43293      1.49872 -1.17961e-16 -5.32907e-15   -0.0818632            0            0            0     0.106536     0.339912    0.0474101   0.00392294   -0.0013526  0.000207208            0            0            0     0.110459     0.338559    0.0476173
         1100       1.5803      1.49872 -1.17961e-16 -5.32907e-15   -0.0818632            0            0            0    0.0647458     0.215546    0.0496616   0.00387777   -0.0013511  0.000251634            0            0            0    0.0686236     0.214195    0.0499132
         1200      1.73195      1.49872 -1.17961e-16 -5.32907e-15   -0.0818632            0            0            0    0.0862897     0.271835    0.0477004   0.00385582  -0.00136034  0.000282617            0            0            0    0.0901455     0.270475     0.047983
         1300      1.88262      1.49872 -1.17961e-16 -5.32907e-15   -0.0818632            0            0            0     0.121445     0.377569    0.0489997   0.00384325   -0.0013444  0.000352119            0            0            0     0.125288     0.376225    0.0493518
         1400      2.03228      1.49872 -1.17961e-16 -5.32907e-15   -0.0818632            0            0            0    0.0916621     0.284475    0.0512042   0.00387181  -0.00135966  0.000497373            0            0            0    0.0955339     0.283115    0.0517016
         1500      2.18158      1.49872 -1.17961e-16 -5.32907e-15   -0.0818632            0            0            0    0.0925848     0.282244    0.0506539   0.00390784  -0.00138642  0.000544527            0            0            0    0.0964926     0.280858    0.0511985
         1600      2.32741      1.49872 -1.17961e-16 -5.32907e-15   -0.0818632            0            0            0    0.0869859     0.265537    0.0476727   0.00395715  -0.00140484  0.000504181            0            0            0    0.0909431     0.264133    0.0481769
         1700      2.47657      1.49872 -1.17961e-16 -5.32907e-15   -0.0818632            0            0            0     0.102403     0.317562    0.0479066   0.00397266  -0.00143038   0.00046969            0            0            0     0.106376     0.316132    0.0483763
         1800      2.62723      1.49872 -1.17961e-16 -5.32907e-15   -0.0818632            0            0            0    0.0940047     0.277994    0.0538358   0.00394176  -0.00143454   0.00042282            0            0            0    0.0979465     0.276559    0.0542587
         1900      2.77753      1.49872 -1.17961e-16 -5.32907e-15   -0.0818632            0            0            0    0.0913111     0.273886    0.0518561   0.00390736   -0.0014004   0.00042333            0            0            0    0.0952185     0.272486    0.0522795
         2000      2.92922      1.49872 -1.17961e-16 -5.32907e-15   -0.0818632            0            0            0     0.103459     0.313961    0.0511698   0.00389159  -0.00140826  0.000387168            0            0            0     0.107351     0.312553     0.051557
         2100      3.08038      1.49872 -1.17961e-16 -5.32907e-15   -0.0818632            0            0            0    0.0751476     0.224735    0.0535052   0.00386975  -0.00138638   0.00035568            0            0            0    0.0790173     0.223349    0.0538608
         2200      3.22996      1.49872 -1.17961e-16 -5.32907e-15   -0.0818632            0            0            0    0.0837418     0.253801    0.0519393   0.00385666   -0.0013885   0.00034112            0            0            0    0.0875984     0.252412    0.0522804
         2300      3.38027      1.49872 -1.17961e-16 -5.32907e-15   -0.0818632            0            0            0    0.0987062     0.289567    0.0504005   0.00386651  -0.00139539   0.00039552            0            0            0     0.102573     0.288171     0.050796
         2400      3.53148      1.49872 -1.17961e-16 -5.32907e-15   -0.0818632            0            0            0    0.0942148     0.271136    0.0523391   0.00389677   -0.0013997  0.000435237            0            0            0    0.0981116     0.269737    0.0527744
         2500      3.68159      1.49872 -1.17961e-16 -5.32907e-15   -0.0818632            0            0            0    0.0928052     0.269379    0.0532782   0.00387397  -0.00139875  0.000468557            0            0            0    0.0966792      0.26798    0.0537468
         2600       3.8329      1.49872 -1.17961e-16 -5.32907e-15   -0.0818632            0            0            0     0.106844     0.311229    0.0514212   0.00386376  -0.00140751  0.000529143            0            0            0     0.110708     0.309821    0.0519504
         2700      3.98558      1.49872 -1.17961e-16 -5.32907e-15   -0.0818632            0            0            0    0.0957368     0.274441    0.0517278   0.00386356    -0.001411  0.000617715            0            0            0    0.0996004      0.27303    0.0523455
         2800      4.13793      1.49872 -1.17961e-16 -5.32907e-15   -0.0818632            0            0            0    0.0979682     0.283392    0.0524121   0.00377914  -0.00137952  0.000646557            0            0            0     0.101747     0.282013    0.0530586
         2900       4.2904      1.49872 -1.17961e-16 -5.32907e-15   -0.0818632            0            0            0     0.102122     0.292559    0.0505458   0.00374034  -0.00137063  0.000660147            0            0            0     0.105862     0.291188    0.0512059
         3000      4.44352      1.49872 -1.17961e-16 -5.32907e-15   -0.0818632            0            0            0    0.0942857     0.267057    0.0518468   0.00372111   -0.0013595  0.000682187            0            0            0    0.0980068     0.265697     0.052529
         3100      4.59537      1.49872 -1.17961e-16 -5.32907e-15   -0.0818632            0            0            0    0.0916333     0.259333    0.0524959   0.00365176   -0.0013498  0.000686243            0            0            0    0.0952851     0.257983    0.0531821
         3200      4.74902      1.49872 -1.17961e-16 -5.32907e-15   -0.0818632            0            0            0    0.0964716     0.273518    0.0516842   0.00361206  -0.00132043  0.000693023            0            0            0     0.100084     0.272197    0.0523773
         3300      4.90326      1.49872 -1.17961e-16 -5.32907e-15   -0.0818632            0            0            0    0.0895864     0.254015    0.0512544   0.00355223  -0.00128777  0.000695217            0            0            0    0.0931386     0.252727    0.0519496
         3400      5.05769      1.49872 -1.17961e-16 -5.32907e-15   -0.0818632            0            0            0    0.0863534       0.2424    0.0496195   0.00348199  -0.00125803   0.00070795            0            0            0    0.0898354     0.241142    0.0503274
         3500      5.20263      1.49872 -1.17961e-16 -5.32907e-15   -0.0818632            0            0            0    0.0888212     0.249888    0.0482575   0.00345577  -0.00123567  0.000734508            0            0            0     0.092277     0.248652     0.048992
         3600      5.36057      1.49872 -1.17961e-16 -5.32907e-15   -0.0818632            0            0            0    0.0902672     0.253352    0.0482578   0.00340534  -0.00121322  0.000762918            0            0            0    0.0936725     0.252139    0.0490207
         3700      5.51424      1.49872 -1.17961e-16 -5.32907e-15   -0.0818632            0            0            0    0.0831541     0.228717    0.0491467    0.0033259  -0.00118316  0.000795131            0            0            0      0.08648     0.227533    0.0499419
         3800      5.66341      1.49872 -1.17961e-16 -5.32907e-15   -0.0818632            0            0            0    0.0909468     0.253165    0.0486654   0.00333048  -0.00116343   0.00079473            0            0            0    0.0942773     0.252002    0.0494601
         3900      5.81347      1.49872 -1.17961e-16 -5.32907e-15   -0.0818632            0            0            0    0.0841539     0.235204    0.0474925   0.00335283  -0.00115032  0.000760765            0            0            0    0.0875067     0.234054    0.0482532
         4000      5.97347      1.49872 -1.17961e-16 -5.32907e-15   -0.0818632            0            0            0      0.08571     0.235533    0.0475445   0.00332331  -0.00115842   0.00073223            0            0            0    0.0890333     0.234375    0.0482767
         4100      6.13254      1.49872 -1.17961e-16 -5.32907e-15   -0.0818632            0            0            0     0.091806     0.251664    0.0458993   0.00329727  -0.00117472  0.000733859            0            0            0    0.0951033     0.250489    0.0466332
         4200      6.29531      1.49872 -1.17961e-16 -5.32907e-15   -0.0818632            0            0            0    0.0901535     0.247463    0.0464565   0.00329061  -0.00117014  0.000754441            0            0            0    0.0934441     0.246293    0.0472109
         4300      6.45349      1.49872 -1.17961e-16 -5.32907e-15   -0.0818632            0            0            0    0.0893539     0.245218    0.0457012   0.00326541  -0.00116674  0.000756295            0            0            0    0.0926193     0.244051    0.0464574
         4400      6.60821      1.49872 -1.17961e-16 -5.32907e-15   -0.0818632            0            0            0    0.0898011     0.243834    0.0456241   0.00321542  -0.00114791  0.000753235            0            0            0    0.0930165     0.242686    0.0463774
         4500      6.76287      1.49872 -1.17961e-16 -5.32907e-15   -0.0818632            0            0            0    0.0937539     0.257011    0.0443617   0.00319483  -0.00111362  0.000767628            0            0            0    0.0969487     0.255898    0.0451293
         4600      6.92589      1.49872 -1.17961e-16 -5.32907e-15   -0.0818632            0            0            0    0.0887091     0.242464    0.0446986   0.00309985   -0.0010719  0.000779276            0            0            0    0.0918089     0.241392    0.0454778
         4700      7.08612      1.49872 -1.17961e-16 -5.32907e-15   -0.0818632            0            0            0    0.0832307     0.223842    0.0445202   0.00304814  -0.00104345  0.000769234            0            0            0    0.0862788     0.222799    0.0452894
         4800      7.24963      1.49872 -1.17961e-16 -5.32907e-15   -0.0818632            0            0            0    0.0886659     0.238789    0.0445133   0.00305459  -0.00103406  0.000749521            0            0            0    0.0917205     0.237755    0.0452629
         4900      7.40924      1.49872 -1.17961e-16 -5.32907e-15   -0.0818632            0            0            0    0.0861339     0.230331    0.0447162    0.0030766  -0.00103686  0.000719355            0            0            0    0.0892105     0.229295    0.0454355
         5000      7.56731      1.49872 -1.17961e-16 -5.32907e-15   -0.0818632            0            0            0     0.082039     0.215235    0.0455382    0.0031447  -0.00106392  0.000681357            0            0            0    0.0851837     0.214171    0.0462195
         5100       7.7246      1.49872 -1.17961e-16 -5.32907e-15   -0.0818632            0            0            0    0.0811741     0.212374    0.0458345   0.00318614  -0.00109743  0.000672106            0            0            0    0.0843603     0.211276    0.0465066
         5200      7.88604      1.49872 -1.17961e-16 -5.32907e-15   -0.0818632            0            0            0    0.0845698     0.223367    0.0469325   0.00321056  -0.00110645  0.000655355            0            0            0    0.0877804      0.22226    0.0475879
         5300      8.04659      1.49872 -1.17961e-16 -5.32907e-15   -0.0818632            0            0            0    0.0854571     0.226997    0.0465251   0.00322115   -0.0011016  0.000651816            0            0            0    0.0886782     0.225895    0.0471769
         5400      8.19708      1.49872 -1.17961e-16 -5.32907e-15   -0.0818632            0            0            0    0.0822503     0.214832    0.0476261    0.0032755  -0.00112679  0.000624351            0            0            0    0.0855258     0.213705    0.0482505
         5500      8.35993      1.49872 -1.17961e-16 -5.32907e-15   -0.0818632            0            0            0    0.0869684     0.227122    0.0480749   0.00336151  -0.00117972  0.000609612            0            0            0    0.0903299     0.225942    0.0486845
         5600      8.51728      1.49872 -1.17961e-16 -5.32907e-15   -0.0818632            0            0            0    0.0884193     0.230008    0.0477689   0.00343739  -0.00123807  0.000618972            0            0            0    0.0918567     0.228769    0.0483879
         5700      8.68154      1.49872 -1.17961e-16 -5.32907e-15   -0.0818632            0            0            0    0.0883593     0.227575    0.0484681    0.0034402  -0.00126801  0.000670861            0            0            0    0.0917995     0.226307    0.0491389
         5800      8.84487      1.49872 -1.17961e-16 -5.32907e-15   -0.0818632            0            0            0    0.0910433     0.233547    0.0483625   0.00343663  -0.00125653  0.000721817            0            0            0    0.0944799      0.23229    0.0490843
         5900      9.00878      1.49872 -1.17961e-16 -5.32907e-15   -0.0818632            0            0            0    0.0915277     0.235479    0.0479058   0.00337844  -0.00121907  0.000731421            0            0            0    0.0949062      0.23426    0.0486372
         6000      9.16692      1.49872 -1.17961e-16 -5.32907e-15   -0.0818632            0            0            0     0.092989     0.239141    0.0476011   0.00326595  -0.00117535  0.000717522            0            0            0    0.0962549     0.237966    0.0483186
         6100      9.33109      1.49872 -1.17961e-16 -5.32907e-15   -0.0818632            0            0            0    0.0925594     0.237543    0.0480363   0.00317273  -0.00112634  0.000719058            0            0            0    0.0957321     0.236416    0.0487553
         6200       9.4959      1.49872 -1.17961e-16 -5.32907e-15   -0.0818632            0            0            0     0.093393     0.238747    0.0478545   0.00310626  -0.00108001  0.000711201            0            0            0    0.0964993     0.237667    0.0485657
         6300      9.66111      1.49872 -1.17961e-16 -5.32907e-15   -0.0818632            0            0            0    0.0952353     0.243631    0.0470737   0.00303897  -0.00104876   0.00071625            0            0            0    0.0982742     0.242582      0.04779
         6400      9.83093      1.49872 -1.17961e-16 -5.32907e-15   -0.0818632            0            0            0    0.0927115     0.234925    0.0463322   0.00298932  -0.00103617  0.000736744            0            0            0    0.0957008     0.233888    0.0470689
         6500      9.99938      1.49872 -1.17961e-16 -5.32907e-15   -0.0818632            0            0            0    0.0914252     0.228395    0.0464886   0.00297534  -0.00105937  0.000758866            0            0            0    0.0944006     0.227335    0.0472475
         6600        10.17      1.49872 -1.17961e-16 -5.32907e-15   -0.0818632            0            0            0    0.0892246     0.221113    0.0460139   0.00294798  -0.00106033  0.000776571            0            0            0    0.0921726     0.220053    0.0467905
         6700      10.3346      1.49872 -1.17961e-16 -5.32907e-15   -0.0818632            0            0            0    0.0898005     0.222431     0.045108   0.00291914  -0.00105241  0.000736041            0            0            0    0.0927196     0.221379    0.0458441
         6800      10.4977      1.49872 -1.17961e-16 -5.32907e-15   -0.0818632            0            0            0    0.0887647     0.218999    0.0450165   0.00294809  -0.00107404  0.000687649            0            0            0    0.0917128     0.217925    0.0457041
         6900      10.6698      1.49872 -1.17961e-16 -5.32907e-15   -0.0818632            0            0            0    0.0863005     0.211487    0.0440794   0.00298377  -0.00107027  0.000688746            0            0            0    0.0892842     0.210417    0.0447681
         7000      10.8369      1.49872 -1.17961e-16 -5.32907e-15   -0.0818632            0            0            0    0.0873294     0.212118    0.0435518   0.00292331  -0.00104854  0.000695129            0            0            0    0.0902527     0.211069    0.0442469
         7100      11.0068      1.49872 -1.17961e-16 -5.32907e-15   -0.0818632            0            0            0    0.0907518      0.22201    0.0429472   0.00285218  -0.00100919  0.000715673            0            0            0    0.0936039     0.221001    0.0436629
         7200      11.1778      1.49872 -1.17961e-16 -5.32907e-15   -0.0818632            0            0            0    0.0914107       0.2247    0.0434342   0.00280149 -0.000982382  0.000730377            0            0            0    0.0942122     0.223718    0.0441646
         7300      11.3466      1.49872 -1.17961e-16 -5.32907e-15   -0.0818632            0            0            0    0.0909853     0.222273     0.043707   0.00272261 -0.000945837  0.000751697            0            0            0    0.0937079     0.221327    0.0444587
         7400      11.5152      1.49872 -1.17961e-16 -5.32907e-15   -0.0818632            0            0            0    0.0927987     0.225076    0.0430674   0.00264889 -0.000906106  0.000771938            0            0            0    0.0954476     0.224169    0.0438393
         7500      11.6874      1.49872 -1.17961e-16 -5.32907e-15   -0.0818632            0            0            0    0.0920439     0.222754    0.0427872   0.00260727   -0.0008849   0.00081295            0            0            0    0.0946512     0.221869    0.0436002
         7600      11.8537      1.49872 -1.17961e-16 -5.32907e-15   -0.0818632            0            0            0    0.0918003     0.220202    0.0430796   0.00258325 -0.000869356  0.000827474            0            0            0    0.0943836     0.219333     0.043907
         7700      12.0216      1.49872 -1.17961e-16 -5.32907e-15   -0.0818632            0            0            0    0.0891682     0.212899    0.0436011   0.00263312 -0.000885845  0.000811591            0            0            0    0.0918013     0.212013    0.0444127
         7800      12.1935      1.49872 -1.17961e-16 -5.32907e-15   -0.0818632            0            0            0    0.0876167     0.207691    0.0439476   0.00268642 -0.000917932  0.000766029            0            0            0    0.0903032     0.206773    0.0447136
         7900      12.3592      1.49872 -1.17961e-16 -5.32907e-15   -0.0818632            0            0            0    0.0887242     0.211242    0.0440952   0.00273992 -0.000948012  0.000716802            0            0            0    0.0914641     0.210294     0.044812
         8000      12.5274      1.49872 -1.17961e-16 -5.32907e-15   -0.0818632            0            0            0    0.0895102     0.213285    0.0432565   0.00279961 -0.000969846  0.000687299            0            0            0    0.0923098     0.212316    0.0439438
         8100      12.6915      1.49872 -1.17961e-16 -5.32907e-15   -0.0818632            0            0            0    0.0895096     0.211764    0.0426993   0.00284123  -0.00100684  0.000669273            0            0            0    0.0923508     0.210757    0.0433685
         8200      12.8646      1.49872 -1.17961e-16 -5.32907e-15   -0.0818632            0            0            0    0.0887248     0.208881    0.0426915   0.00286595  -0.00103352  0.000651587            0            0            0    0.0915908     0.207847    0.0433431
         8300      13.0395      1.49872 -1.17961e-16 -5.32907e-15   -0.0818632            0            0            0    0.0869036     0.202816    0.0428348    0.0028562  -0.00103234  0.000673177            0            0            0    0.0897598     0.201783     0.043508
         8400      13.2124      1.49872 -1.17961e-16 -5.32907e-15   -0.0818632            0            0            0    0.0865247     0.201752    0.0423113   0.00283042  -0.00102133  0.000689819            0            0            0    0.0893551      0.20073    0.0430011
         8500       13.386      1.49872 -1.17961e-16 -5.32907e-15   -0.0818632            0            0            0    0.0843914     0.195726    0.0415989   0.00279514  -0.00100459  0.000701667            0            0            0    0.0871865     0.194722    0.0423006
         8600      13.5651      1.49872 -1.17961e-16 -5.32907e-15   -0.0818632            0            0            0    0.0839076     0.192173    0.0398585   0.00280122 -0.000991194  0.000683875            0            0            0    0.0867088     0.191182    0.0405423
         8700      13.7421      1.49872 -1.17961e-16 -5.32907e-15   -0.0818632            0            0            0    0.0820418     0.187238    0.0400666   0.00284529 -0.000997487  0.000631895            0            0            0    0.0848871     0.186241    0.0406985
         8800      13.9175      1.49872 -1.17961e-16 -5.32907e-15   -0.0818632            0            0            0     0.082196      0.18964    0.0396072   0.00288036  -0.00101193  0.000590449            0            0            0    0.0850763     0.188628    0.0401976
         8900      14.0903      1.49872 -1.17961e-16 -5.32907e-15   -0.0818632            0            0            0    0.0821315     0.189509    0.0392453   0.00286996  -0.00102722  0.000540788            0            0            0    0.0850014     0.188482    0.0397861
         9000      14.2714      1.49872 -1.17961e-16 -5.32907e-15   -0.0818632            0            0            0    0.0781081     0.178271    0.0387052   0.00288977  -0.00102737  0.000511001            0            0            0    0.0809979     0.177244    0.0392162
         9100      14.4421      1.49872 -1.17961e-16 -5.32907e-15   -0.0818632            0            0            0    0.0746428     0.170812    0.0386305   0.00291479  -0.00103418  0.000518374            0            0            0    0.0775575     0.169778    0.0391489
         9200      14.6147      1.49872 -1.17961e-16 -5.32907e-15   -0.0818632            0            0            0    0.0703725     0.162719    0.0387638   0.00293001  -0.00103489  0.000543704            0            0            0    0.0733025     0.161684    0.0393075
         9300      14.7866      1.49872 -1.17961e-16 -5.32907e-15   -0.0818632            0            0            0    0.0692326     0.162117     0.039327   0.00296186  -0.00103178  0.000546366            0            0            0    0.0721944     0.161086    0.0398734
         9400      14.9609      1.49872 -1.17961e-16 -5.32907e-15   -0.0818632            0            0            0    0.0702435     0.167651    0.0383142   0.00296637    -0.001028  0.000558938            0            0            0    0.0732099     0.166623    0.0388732
         9500      15.1342      1.49872 -1.17961e-16 -5.32907e-15   -0.0818632            0            0            0     0.069484     0.167225    0.0375826   0.00293083  -0.00103165   0.00057472            0            0            0    0.0724148     0.166194    0.0381573
         9600      15.3062      1.49872 -1.17961e-16 -5.32907e-15   -0.0818632            0            0            0    0.0685747     0.166654    0.0363253   0.00293816  -0.00103362  0.000590652            0            0            0    0.0715128      0.16562    0.0369159
         9700      15.4764      1.49872 -1.17961e-16 -5.32907e-15   -0.0818632            0            0            0    0.0670326     0.165719    0.0355879   0.00305624  -0.00108063  0.000585582            0            0            0    0.0700888     0.164638    0.0361735
         9800      15.6434      1.49872 -1.17961e-16 -5.32907e-15   -0.0818632            0            0            0    0.0661784     0.166663    0.0351184   0.00316421  -0.00114856  0.000573973            0            0            0    0.0693426     0.165514    0.0356924
         9900      15.8107      1.49872 -1.17961e-16 -5.32907e-15   -0.0818632            0            0            0    0.0649019     0.166742    0.0362183   0.00324625  -0.00119452    0.0005172            0            0            0    0.0681482     0.165548    0.0367355
        10000      15.9741      1.49872 -1.17961e-16 -5.32907e-15   -0.0818632            0            0            0     0.063904     0.168891    0.0361358   0.00328561  -0.00119224  0.000487768            0            0            0    0.0671896     0.167699    0.0366236
        10100      16.1388      1.49872 -1.17961e-16 -5.32907e-15   -0.0818632            0            0            0    0.0642609     0.176276    0.0363458   0.00324815  -0.00115092  0.000477377            0            0            0     0.067509     0.175125    0.0368232
        10200       16.304      1.49872 -1.17961e-16 -5.32907e-15   -0.0818632            0            0            0    0.0682424     0.191026    0.0358725   0.00320096   -0.0011113  0.000483848            0            0            0    0.0714433     0.189915    0.0363564
        10300       16.465      1.49872 -1.17961e-16 -5.32907e-15   -0.0818632            0            0            0    0.0702261     0.197112    0.0363501   0.00316843  -0.00107446  0.000499339            0            0            0    0.0733945     0.196037    0.0368495
        10400       16.625      1.49872 -1.17961e-16 -5.32907e-15   -0.0818632            0            0            0    0.0732951     0.206377    0.0373151   0.00319071  -0.00106059  0.000500401            0            0            0    0.0764859     0.205317    0.0378155
        10500      16.7859      1.49872 -1.17961e-16 -5.32907e-15   -0.0818632            0            0            0    0.0761593     0.213479    0.0381032   0.00321346  -0.00106821  0.000493667            0            0            0    0.0793728     0.212411    0.0385968
        10600      16.9448      1.49872 -1.17961e-16 -5.32907e-15   -0.0818632            0            0            0    0.0773388     0.214233    0.0388924    0.0032414   -0.0010826  0.000484519            0            0            0    0.0805802     0.213151    0.0393769
        10700      17.1027      1.49872 -1.17961e-16 -5.32907e-15   -0.0818632            0            0            0    0.0767284     0.210668    0.0394495   0.00331711  -0.00112762  0.000524532            0            0            0    0.0800455      0.20954     0.039974
        10800      17.2627      1.49872 -1.17961e-16 -5.32907e-15   -0.0818632            0            0            0    0.0772961     0.212195     0.040555   0.00338901  -0.00116973  0.000544465            0            0            0    0.0806851     0.211025    0.0410995
        10900       17.418      1.49872 -1.17961e-16 -5.32907e-15   -0.0818632            0            0            0    0.0770975     0.214064    0.0419682   0.00341034  -0.00119376  0.000564821            0            0            0    0.0805078      0.21287     0.042533
        11000      17.5746      1.49872 -1.17961e-16 -5.32907e-15   -0.0818632            0            0            0     0.076684     0.214962    0.0423968   0.00340281  -0.00119152  0.000593942            0            0            0    0.0800868      0.21377    0.0429907
        11100      17.7326      1.49872 -1.17961e-16 -5.32907e-15   -0.0818632            0            0            0    0.0776179     0.219669    0.0433294    0.0034332   -0.0011922  0.000585577            0            0            0    0.0810511     0.218477     0.043915
        11200      17.8897      1.49872 -1.17961e-16 -5.32907e-15   -0.0818632            0            0            0    0.0787471     0.224708    0.0431659   0.00346347   -0.0011929  0.000571876            0            0            0    0.0822106     0.223515    0.0437378
        11300      18.0483      1.49872 -1.17961e-16 -5.32907e-15   -0.0818632            0            0            0    0.0785062     0.225094    0.0439058   0.00347637  -0.00120178  0.000543979            0            0            0    0.0819826     0.223892    0.0444497
        11400      18.2031      1.49872 -1.17961e-16 -5.32907e-15   -0.0818632            0            0            0    0.0790339     0.227839    0.0454199   0.00345511   -0.0012038  0.000541922            0            0            0     0.082489     0.226636    0.0459618
        11500      18.3619      1.49872 -1.17961e-16 -5.32907e-15   -0.0818632            0            0            0    0.0807662     0.232395    0.0459075   0.00349331  -0.00120796  0.000569745            0            0            0    0.0842595     0.231187    0.0464772
        11600      18.5196      1.49872 -1.17961e-16 -5.32907e-15   -0.0818632            0            0            0    0.0801918     0.230781    0.0466716    0.0035028    -0.001238  0.000606205            0            0            0    0.0836946     0.229543    0.0472778
        11700      18.6775      1.49872 -1.17961e-16 -5.32907e-15   -0.0818632            0            0            0     0.080986     0.232022    0.0471594   0.00349463  -0.00124434  0.000650542            0            0            0    0.0844806     0.230777      0.04781
        11800      18.8344      1.49872 -1.17961e-16 -5.32907e-15   -0.0818632            0            0            0    0.0825688     0.235298    0.0472754   0.00348095   -0.0012425  0.000640132            0            0            0    0.0860497     0.234056    0.0479155
        11900      18.9911      1.49872 -1.17961e-16 -5.32907e-15   -0.0818632            0            0            0    0.0832851     0.235913    0.0470286   0.00346788  -0.00125759  0.000637021            0            0            0    0.0867529     0.234655    0.0476656
        12000      19.1485      1.49872 -1.17961e-16 -5.32907e-15   -0.0818632            0            0            0    0.0816109      0.23194    0.0466825    0.0034416  -0.00123155  0.000677326            0            0            0    0.0850525     0.230708    0.0473598
        12100      19.3065      1.49872 -1.17961e-16 -5.32907e-15   -0.0818632            0            0            0    0.0803787     0.231275    0.0459178     0.003387  -0.00118274  0.000754334            0            0            0    0.0837656     0.230093    0.0466722
        12200      19.4591      1.49872 -1.17961e-16 -5.32907e-15   -0.0818632            0            0            0    0.0806409     0.234748    0.0451495   0.00333299  -0.00113678  0.000751959            0            0            0    0.0839739     0.233611    0.0459015
        12300      19.6143      1.49872 -1.17961e-16 -5.32907e-15   -0.0818632            0            0            0    0.0818967     0.238826    0.0448902   0.00330543  -0.00110617  0.000667868            0            0            0    0.0852021      0.23772    0.0455581
        12400      19.7685      1.49872 -1.17961e-16 -5.32907e-15   -0.0818632            0            0            0    0.0833078      0.24195    0.0460472   0.00337326  -0.00112444   0.00063557            0            0            0    0.0866811     0.240825    0.0466828
        12500      19.9228      1.49872 -1.17961e-16 -5.32907e-15   -0.0818632            0            0            0    0.0861633     0.247352     0.047224   0.00341762  -0.00115401   0.00063203            0            0            0    0.0895809     0.246198     0.047856
        12600      20.0772      1.49872 -1.17961e-16 -5.32907e-15   -0.0818632            0            0            0    0.0882513     0.249347    0.0482005   0.00349621  -0.00119706  0.000642917            0            0            0    0.0917476      0.24815    0.0488435
        12700      20.2323      1.49872 -1.17961e-16 -5.32907e-15   -0.0818632            0            0            0    0.0885862     0.247261    0.0491559   0.00354956  -0.00123242  0.000648158            0            0            0    0.0921358     0.246029     0.049804
        12800      20.3869      1.49872 -1.17961e-16 -5.32907e-15   -0.0818632            0            0            0    0.0889382     0.245597    0.0493749   0.00355317  -0.00125164  0.000637388            0            0            0    0.0924914     0.244345    0.0500123
        12900       20.539      1.49872 -1.17961e-16 -5.32907e-15   -0.0818632            0            0            0    0.0875868     0.240571    0.0499883   0.00352563   -0.0012522  0.000613436            0            0            0    0.0911124     0.239319    0.0506018
        13000       20.695      1.49872 -1.17961e-16 -5.32907e-15   -0.0818632            0            0            0    0.0869284     0.237407    0.0502962    0.0035341  -0.00126056  0.000575018            0            0            0    0.0904625     0.236147    0.0508712
        13100      20.8477      1.49872 -1.17961e-16 -5.32907e-15   -0.0818632            0            0            0    0.0878937     0.239655    0.0510332   0.00355733  -0.00128751  0.000539458            0            0            0    0.0914511     0.238367    0.0515726
        13200      21.0035      1.49872 -1.17961e-16 -5.32907e-15   -0.0818632            0            0            0    0.0872545     0.238896    0.0506265   0.00359887  -0.00130299  0.000502934            0            0            0    0.0908533     0.237593    0.0511294
        13300      21.1586      1.49872 -1.17961e-16 -5.32907e-15   -0.0818632            0            0            0    0.0850274     0.234842    0.0503988   0.00362043  -0.00130579  0.000478402            0            0            0    0.0886479     0.233536    0.0508772
        13400      21.3146      1.49872 -1.17961e-16 -5.32907e-15   -0.0818632            0            0            0     0.085426     0.237364     0.050388   0.00356652  -0.00128605  0.000466243            0            0            0    0.0889925     0.236078    0.0508543
        13500      21.4744      1.49872 -1.17961e-16 -5.32907e-15   -0.0818632            0            0            0    0.0865465     0.240494    0.0507397   0.00348138  -0.00126291  0.000500431            0            0            0    0.0900279     0.239231    0.0512401
        13600      21.6343      1.49872 -1.17961e-16 -5.32907e-15   -0.0818632            0            0            0    0.0880573     0.243309     0.050686   0.00342955   -0.0012451  0.000535837            0            0            0    0.0914869     0.242064    0.0512218
        13700      21.7932      1.49872 -1.17961e-16 -5.32907e-15   -0.0818632            0            0            0     0.087754     0.242025    0.0510251   0.00338169  -0.00123073  0.000560856            0            0            0    0.0911357     0.240794     0.051586
        13800      21.9539      1.49872 -1.17961e-16 -5.32907e-15   -0.0818632            0            0            0     0.089214     0.244605    0.0517294   0.00332988    -0.001221   0.00057864            0            0            0    0.0925439     0.243384     0.052308
        13900      22.1148      1.49872 -1.17961e-16 -5.32907e-15   -0.0818632            0            0            0     0.090911     0.247399    0.0513332   0.00331613   -0.0012121  0.000612271            0            0            0    0.0942271     0.246187    0.0519454
        14000      22.2734      1.49872 -1.17961e-16 -5.32907e-15   -0.0818632            0            0            0    0.0887767     0.240598    0.0507081   0.00332985  -0.00120186  0.000616973            0            0            0    0.0921065     0.239396    0.0513251
        14100      22.4326      1.49872 -1.17961e-16 -5.32907e-15   -0.0818632            0            0            0    0.0887307      0.24097     0.051541    0.0033661  -0.00121908  0.000581718            0            0            0    0.0920968     0.239751    0.0521228
        14200      22.5936      1.49872 -1.17961e-16 -5.32907e-15   -0.0818632            0            0            0    0.0892703     0.241048    0.0510112   0.00339542  -0.00121657  0.000554347            0            0            0    0.0926657     0.239832    0.0515655
        14300      22.7533      1.49872 -1.17961e-16 -5.32907e-15   -0.0818632            0            0            0    0.0878742       0.2367    0.0505832   0.00338677  -0.00122442  0.000560117            0            0            0    0.0912609     0.235475    0.0511433
        14400      22.9167      1.49872 -1.17961e-16 -5.32907e-15   -0.0818632            0            0            0    0.0901424     0.240879    0.0493433   0.00335593  -0.00123165  0.000566631            0            0            0    0.0934983     0.239647    0.0499099
        14500      23.0809      1.49872 -1.17961e-16 -5.32907e-15   -0.0818632            0            0            0    0.0900097     0.237656    0.0481668   0.00333405  -0.00122385  0.000615285            0            0            0    0.0933437     0.236432    0.0487821
        14600      23.2417      1.49872 -1.17961e-16 -5.32907e-15   -0.0818632            0            0            0    0.0901519     0.234865    0.0464847    0.0032505  -0.00118761  0.000655763            0            0            0    0.0934024     0.233678    0.0471404
        14700      23.4075      1.49872 -1.17961e-16 -5.32907e-15   -0.0818632            0            0            0    0.0877481     0.224983     0.045885   0.00316527  -0.00115413  0.000665977            0            0            0    0.0909134     0.223829    0.0465509
        14800       23.573      1.49872 -1.17961e-16 -5.32907e-15   -0.0818632            0            0            0    0.0857546     0.217098    0.0448854   0.00313898  -0.00113533  0.000636846            0            0            0    0.0888935     0.215963    0.0455223
        14900      23.7347      1.49872 -1.17961e-16 -5.32907e-15   -0.0818632            0            0            0    0.0810672     0.205943     0.043622   0.00316994  -0.00110463  0.000597637            0            0            0    0.0842371     0.204839    0.0442196
        15000      23.8959      1.49872 -1.17961e-16 -5.32907e-15   -0.0818632            0            0            0    0.0781858     0.200567     0.042693   0.00320942   -0.0011056  0.000566077            0            0            0    0.0813953     0.199462    0.0432591
        15100      24.0548      1.49872 -1.17961e-16 -5.32907e-15   -0.0818632            0            0            0    0.0742994     0.193703    0.0423198   0.00319696  -0.00108988  0.000540754            0            0            0    0.0774964     0.192613    0.0428606
        15200      24.2137      1.49872 -1.17961e-16 -5.32907e-15   -0.0818632            0            0            0    0.0745006     0.197286    0.0420875   0.00317212  -0.00106296    0.0005604            0            0            0    0.0776727     0.196223    0.0426479
        15300      24.3707      1.49872 -1.17961e-16 -5.32907e-15   -0.0818632            0            0            0    0.0753385      0.20171    0.0421831   0.00312444  -0.00103575  0.000584303            0            0            0    0.0784629     0.200675    0.0427674
        15400      24.5274      1.49872 -1.17961e-16 -5.32907e-15   -0.0818632            0            0            0    0.0780232     0.209192    0.0413197   0.00310387  -0.00101512  0.000614965            0            0            0    0.0811271     0.208177    0.0419347
        15500      24.6877      1.49872 -1.17961e-16 -5.32907e-15   -0.0818632            0            0            0    0.0792392     0.211719    0.0418265    0.0031594  -0.00102588  0.000644063            0            0            0    0.0823986     0.210693    0.0424705
        15600      24.8449      1.49872 -1.17961e-16 -5.32907e-15   -0.0818632            0            0            0      0.08169     0.216608    0.0417019   0.00320348  -0.00103339  0.000689212            0            0            0    0.0848935     0.215574    0.0423911
        15700       25.007      1.49872 -1.17961e-16 -5.32907e-15   -0.0818632            0            0            0    0.0813941     0.213328    0.0423883   0.00319111    -0.001042  0.000693864            0            0            0    0.0845852     0.212286    0.0430821
        15800      25.1682      1.49872 -1.17961e-16 -5.32907e-15   -0.0818632            0            0            0    0.0781321     0.203349    0.0424638   0.00327397  -0.00107249  0.000681924            0            0            0     0.081406     0.202277    0.0431458
        15900       25.326      1.49872 -1.17961e-16 -5.32907e-15   -0.0818632            0            0            0    0.0776165     0.204349    0.0432743    0.0033063  -0.00111219  0.000692466            0            0            0    0.0809228     0.203236    0.0439667
        16000      25.4861      1.49872 -1.17961e-16 -5.32907e-15   -0.0818632            0            0            0    0.0773471     0.206777    0.0436816   0.00332076  -0.00114062  0.000684835            0            0            0    0.0806678     0.205636    0.0443665
        16100      25.6528      1.49872 -1.17961e-16 -5.32907e-15   -0.0818632            0            0            0    0.0774476     0.209986    0.0436892   0.00329508  -0.00115264  0.000693134            0            0            0    0.0807427     0.208833    0.0443824
        16200      25.8166      1.49872 -1.17961e-16 -5.32907e-15   -0.0818632            0            0            0    0.0782591     0.212167    0.0446261   0.00329904  -0.00118529  0.000738461            0            0            0    0.0815581     0.210982    0.0453646
        16300      25.9777      1.49872 -1.17961e-16 -5.32907e-15   -0.0818632            0            0            0    0.0800127     0.215646    0.0447515   0.00328317  -0.00119164  0.000830391            0            0            0    0.0832959     0.214454    0.0455819
        16400      26.1407      1.49872 -1.17961e-16 -5.32907e-15   -0.0818632            0            0            0    0.0784417     0.211762    0.0446618    0.0031965  -0.00115586  0.000896734            0            0            0    0.0816382     0.210606    0.0455585
        16500      26.3035      1.49872 -1.17961e-16 -5.32907e-15   -0.0818632            0            0            0    0.0774456     0.210959    0.0450318   0.00311905  -0.00111398  0.000893159            0            0            0    0.0805647     0.209845    0.0459249
        16600      26.4667      1.49872 -1.17961e-16 -5.32907e-15   -0.0818632            0            0            0    0.0780658     0.215306    0.0454489   0.00306191    -0.001094  0.000776699            0            0            0    0.0811277     0.214212    0.0462256
        16700      26.6331      1.49872 -1.17961e-16 -5.32907e-15   -0.0818632            0            0            0    0.0808905     0.223009    0.0456478   0.00303823  -0.00109261  0.000682273            0            0            0    0.0839288     0.221917      0.04633
        16800       26.799      1.49872 -1.17961e-16 -5.32907e-15   -0.0818632            0            0            0    0.0848968     0.233042     0.045033    0.0030467  -0.00110216  0.000587184            0            0            0    0.0879435      0.23194    0.0456202
        16900      26.9621      1.49872 -1.17961e-16 -5.32907e-15   -0.0818632            0            0            0    0.0856707     0.234013    0.0448992   0.00306196   -0.0010876  0.000518206            0            0            0    0.0887327     0.232925    0.0454174
        17000      27.1236      1.49872 -1.17961e-16 -5.32907e-15   -0.0818632            0            0            0     0.086778     0.236321    0.0463765   0.00307078  -0.00108295  0.000448836            0            0            0    0.0898487     0.235238    0.0468254
        17100      27.2809      1.49872 -1.17961e-16 -5.32907e-15   -0.0818632            0            0            0    0.0875983     0.236654    0.0470706   0.00314319  -0.00109619  0.000415657            0            0            0    0.0907415     0.235558    0.0474862
        17200      27.4406      1.49872 -1.17961e-16 -5.32907e-15   -0.0818632            0            0            0    0.0891283     0.239704    0.0473027   0.00324568  -0.00112702  0.000416937            0            0            0     0.092374     0.238577    0.0477196
        17300       27.598      1.49872 -1.17961e-16 -5.32907e-15   -0.0818632            0            0            0    0.0902505     0.241737    0.0466938   0.00333712   -0.0011524   0.00041893            0            0            0    0.0935876     0.240585    0.0471128
        17400       27.757      1.49872 -1.17961e-16 -5.32907e-15   -0.0818632            0            0            0    0.0898658     0.239686    0.0469185   0.00342398  -0.00118436  0.000406219            0            0            0    0.0932898     0.238502    0.0473247
        17500      27.9201      1.49872 -1.17961e-16 -5.32907e-15   -0.0818632            0            0            0    0.0865929     0.229059    0.0462863   0.00350281  -0.00122532  0.000429352            0            0            0    0.0900957     0.227833    0.0467156
        17600       28.084      1.49872 -1.17961e-16 -5.32907e-15   -0.0818632            0            0            0    0.0873826     0.228963    0.0465451    0.0035342  -0.00126803  0.000447855            0            0            0    0.0909168     0.227695     0.046993
        17700      28.2423      1.49872 -1.17961e-16 -5.32907e-15   -0.0818632            0            0            0    0.0874185     0.228725    0.0467174    0.0035596  -0.00129426  0.000479866            0            0            0    0.0909781     0.227431    0.0471973
        17800      28.4033      1.49872 -1.17961e-16 -5.32907e-15   -0.0818632            0            0            0    0.0856929     0.223801    0.0475899   0.00350298  -0.00130562  0.000555257            0            0            0    0.0891959     0.222495    0.0481451
        17900      28.5657      1.49872 -1.17961e-16 -5.32907e-15   -0.0818632            0            0            0    0.0840567     0.220311    0.0470967   0.00343336   -0.0012602  0.000627496            0            0            0      0.08749      0.21905    0.0477242
        18000      28.7277      1.49872 -1.17961e-16 -5.32907e-15   -0.0818632            0            0            0    0.0830971     0.219379    0.0464252   0.00332719  -0.00120785  0.000663436            0            0            0    0.0864243     0.218171    0.0470886
        18100      28.8881      1.49872 -1.17961e-16 -5.32907e-15   -0.0818632            0            0            0    0.0808725     0.215981    0.0459161   0.00318871  -0.00112899  0.000713488            0            0            0    0.0840612     0.214852    0.0466296
        18200      29.0497      1.49872 -1.17961e-16 -5.32907e-15   -0.0818632            0            0            0    0.0802746      0.21613     0.045075   0.00315728  -0.00109618  0.000708244            0            0            0    0.0834319     0.215034    0.0457833
        18300      29.2094      1.49872 -1.17961e-16 -5.32907e-15   -0.0818632            0            0            0    0.0805571     0.218789    0.0447238   0.00316711  -0.00109383  0.000670627            0            0            0    0.0837242     0.217695    0.0453944
        18400      29.3668      1.49872 -1.17961e-16 -5.32907e-15   -0.0818632            0            0            0    0.0824194     0.224025    0.0446341   0.00310816  -0.00106236  0.000680716            0            0            0    0.0855275     0.222963    0.0453148
        18500      29.5275      1.49872 -1.17961e-16 -5.32907e-15   -0.0818632            0            0            0    0.0834777     0.225267    0.0448621   0.00314624  -0.00107414  0.000701907            0            0            0    0.0866239     0.224193     0.045564
        18600        29.69      1.49872 -1.17961e-16 -5.32907e-15   -0.0818632            0            0            0     0.083762     0.223802    0.0448242   0.00321529  -0.00109587  0.000712954            0            0            0    0.0869773     0.222706    0.0455372
        18700      29.8477      1.49872 -1.17961e-16 -5.32907e-15   -0.0818632            0            0            0    0.0794748     0.212178    0.0452741    0.0032747  -0.00112831  0.000691949            0            0            0    0.0827495      0.21105     0.045966
        18800      30.0027      1.49872 -1.17961e-16 -5.32907e-15   -0.0818632            0            0            0    0.0802486     0.215549    0.0448953   0.00330431  -0.00116016  0.000720033            0            0            0    0.0835529     0.214389    0.0456153
        18900      30.1609      1.49872 -1.17961e-16 -5.32907e-15   -0.0818632            0            0            0    0.0806627     0.217033    0.0441377    0.0033187  -0.00119766  0.000780799            0            0            0    0.0839814     0.215835    0.0449185
        19000      30.3222      1.49872 -1.17961e-16 -5.32907e-15   -0.0818632            0            0            0    0.0824663     0.223353    0.0436488   0.00321353  -0.00115262  0.000828407            0            0            0    0.0856799       0.2222    0.0444772
        19100       30.482      1.49872 -1.17961e-16 -5.32907e-15   -0.0818632            0            0            0    0.0813676     0.222967    0.0434381   0.00313647  -0.00110184  0.000858583            0            0            0     0.084504     0.221865    0.0442967
        19200      30.6427      1.49872 -1.17961e-16 -5.32907e-15   -0.0818632            0            0            0    0.0803742     0.223018    0.0436219   0.00310847  -0.00105462  0.000851499            0            0            0    0.0834827     0.221964    0.0444734
        19300      30.7966      1.49872 -1.17961e-16 -5.32907e-15   -0.0818632            0            0            0      0.08209     0.230009    0.0440976   0.00306309  -0.00102662  0.000783322            0            0            0    0.0851531     0.228983    0.0448809
        19400      30.9463      1.49872 -1.17961e-16 -5.32907e-15   -0.0818632            0            0            0    0.0842728     0.235455    0.0446456   0.00305371  -0.00101874  0.000695564            0            0            0    0.0873265     0.234436    0.0453411
        19500      31.0983      1.49872 -1.17961e-16 -5.32907e-15   -0.0818632            0            0            0    0.0851421     0.237361    0.0452561   0.00314766  -0.00103116  0.000624473            0            0            0    0.0882898      0.23633    0.0458806
        19600      31.2533      1.49872 -1.17961e-16 -5.32907e-15   -0.0818632            0            0            0    0.0849708     0.235745    0.0458517   0.00330985  -0.00108969  0.000584092            0            0            0    0.0882806     0.234656    0.0464358
        19700       31.411      1.49872 -1.17961e-16 -5.32907e-15   -0.0818632            0            0            0    0.0874932     0.240989    0.0463163   0.00342433  -0.00115018  0.000574383            0            0            0    0.0909175     0.239838    0.0468907
        19800      31.5662      1.49872 -1.17961e-16 -5.32907e-15   -0.0818632            0            0            0    0.0883213     0.242337    0.0470213   0.00350705  -0.00118427  0.000577548            0            0            0    0.0918284     0.241153    0.0475988
        19900      31.7229      1.49872 -1.17961e-16 -5.32907e-15   -0.0818632            0            0            0    0.0893225     0.244095     0.048025   0.00357743  -0.00122043  0.000576211            0            0            0       0.0929     0.242874    0.0486012
        20000      31.8744      1.49872 -1.17961e-16 -5.32907e-15   -0.0818632            0            0            0    0.0905065     0.244891    0.0486011   0.00357449  -0.00122824  0.000570455            0            0            0     0.094081     0.243663    0.0491716
