# WRITE_FORCE NAME data/force INTERVAL 100 FAZONE WALL; SCALING 1
#           1            2            3            4            5            6            7            8            9           10           11           12           13           14           15           16           17           18           19           20           21
#        step         time         area       area-x       area-y       area-z     f-conv-x     f-conv-y     f-conv-z        f-p-x        f-p-y        f-p-z     f-visc-x     f-visc-y     f-visc-z     f-body-x     f-body-y     f-body-z    f-total-x    f-total-y    f-total-z
          100     0.210648      1.52608  3.59088e-16  1.16573e-15   -0.0818834            0            0            0    0.0869856     0.290867    0.0254304   0.00683209  -0.00155272  0.000386894            0            0            0    0.0938177     0.289314    0.0258173
          200      0.34542      1.52608  3.59088e-16  1.16573e-15   -0.0818834            0            0            0    0.0645468     0.287533    0.0323923   0.00618993  -0.00143599  0.000399094            0            0            0    0.0707367     0.286097    0.0327914
          300     0.479057      1.52608  3.59088e-16  1.16573e-15   -0.0818834            0            0            0    0.0880391     0.389696    0.0197123   0.00583123  -0.00133661  0.000448373            0            0            0    0.0938704     0.388359    0.0201606
          400     0.611824      1.52608  3.59088e-16  1.16573e-15   -0.0818834            0            0            0   0.00963246     0.121348    0.0423699   0.00562327  -0.00122421  0.000471042            0            0            0    0.0152557     0.120124    0.0428409
          500     0.744528      1.52608  3.59088e-16  1.16573e-15   -0.0818834            0            0            0    0.0624979     0.279468    0.0307546   0.00548887  -0.00116313  0.000482103            0            0            0    0.0679867     0.278305    0.0312367
          600     0.876011      1.52608  3.59088e-16  1.16573e-15   -0.0818834            0            0            0    0.0675551     0.308491    0.0400755   0.00537103  -0.00109368  0.000543413            0            0            0    0.0729261     0.307398    0.0406189
          700      1.00454      1.52608  3.59088e-16  1.16573e-15   -0.0818834            0            0            0    0.0401045     0.210522    0.0402032   0.00524747  -0.00105051  0.000538929            0            0            0     0.045352     0.209471    0.0407421
          800       1.1342      1.52608  3.59088e-16  1.16573e-15   -0.0818834            0            0            0    0.0487063      0.22717    0.0374864   0.00520803  -0.00103176   0.00056852            0            0            0    0.0539143     0.226139    0.0380549
          900      1.26351      1.52608  3.59088e-16  1.16573e-15   -0.0818834            0            0            0    0.0369003     0.190821    0.0400164   0.00512252  -0.00100265  0.000580087            0            0            0    0.0420229     0.189818    0.0405965
         1000      1.39307      1.52608  3.59088e-16  1.16573e-15   -0.0818834            0            0            0    0.0586085     0.277623     0.035484   0.00508546 -0.000997259  0.000580238            0            0            0    0.0636939     0.276626    0.0360642
         1100      1.52389      1.52608  3.59088e-16  1.16573e-15   -0.0818834            0            0            0    0.0909574     0.366266    0.0379309   0.00501172 -0.000980472  0.000591522            0            0            0    0.0959691     0.365285    0.0385224
         1200      1.65431      1.52608  3.59088e-16  1.16573e-15   -0.0818834            0            0            0    0.0765112     0.322343    0.0417722   0.00501303 -0.000955224   0.00060496            0            0            0    0.0815243     0.321388    0.0423772
         1300      1.78377      1.52608  3.59088e-16  1.16573e-15   -0.0818834            0            0            0    0.0531511     0.244112    0.0416825   0.00501743  -0.00095451  0.000622539            0            0            0    0.0581685     0.243157    0.0423051
         1400      1.91236      1.52608  3.59088e-16  1.16573e-15   -0.0818834            0            0            0    0.0524529     0.248686    0.0413351   0.00502803 -0.000922706  0.000636421            0            0            0    0.0574809     0.247764    0.0419715
         1500      2.03952      1.52608  3.59088e-16  1.16573e-15   -0.0818834            0            0            0    0.0690006     0.301441     0.041827   0.00502596 -0.000937618  0.000636658            0            0            0    0.0740265     0.300503    0.0424637
         1600      2.16823      1.52608  3.59088e-16  1.16573e-15   -0.0818834            0            0            0    0.0943511     0.369393     0.041069   0.00502242 -0.000950283  0.000639028            0            0            0    0.0993735     0.368443     0.041708
         1700      2.29881      1.52608  3.59088e-16  1.16573e-15   -0.0818834            0            0            0     0.073732     0.302268    0.0408763   0.00502626 -0.000956444   0.00064794            0            0            0    0.0787582     0.301312    0.0415242
         1800      2.42964      1.52608  3.59088e-16  1.16573e-15   -0.0818834            0            0            0    0.0465873     0.224762    0.0413747   0.00503686 -0.000971816  0.000649193            0            0            0    0.0516241      0.22379    0.0420239
         1900      2.56031      1.52608  3.59088e-16  1.16573e-15   -0.0818834            0            0            0    0.0382297     0.214943     0.040777   0.00503045 -0.000946409   0.00066124            0            0            0    0.0432601     0.213996    0.0414382
         2000      2.68902      1.52608  3.59088e-16  1.16573e-15   -0.0818834            0            0            0    0.0682086     0.302268    0.0403788   0.00501886 -0.000952819  0.000654919            0            0            0    0.0732275     0.301315    0.0410337
         2100      2.81798      1.52608  3.59088e-16  1.16573e-15   -0.0818834            0            0            0    0.0835769     0.343055    0.0402877   0.00502104 -0.000942267  0.000657584            0            0            0    0.0885979     0.342113    0.0409453
         2200      2.94681      1.52608  3.59088e-16  1.16573e-15   -0.0818834            0            0            0    0.0914119     0.364681    0.0414194   0.00501021 -0.000954219  0.000656317            0            0            0    0.0964221     0.363726    0.0420757
         2300      3.07556      1.52608  3.59088e-16  1.16573e-15   -0.0818834            0            0            0    0.0543835      0.25432    0.0422831   0.00500534 -0.000941396  0.000661113            0            0            0    0.0593889     0.253379    0.0429442
         2400      3.20382      1.52608  3.59088e-16  1.16573e-15   -0.0818834            0            0            0    0.0579304     0.266997    0.0405195   0.00498197 -0.000935885  0.000660102            0            0            0    0.0629124     0.266061    0.0411796
         2500      3.33234      1.52608  3.59088e-16  1.16573e-15   -0.0818834            0            0            0    0.0538036     0.246467    0.0420249   0.00495926 -0.000925792  0.000660443            0            0            0    0.0587629     0.245541    0.0426853
         2600      3.46135      1.52608  3.59088e-16  1.16573e-15   -0.0818834            0            0            0    0.0533211     0.252283     0.040813   0.00495801 -0.000925177  0.000661193            0            0            0    0.0582791     0.251358    0.0414742
         2700       3.5907      1.52608  3.59088e-16  1.16573e-15   -0.0818834            0            0            0    0.0686183      0.29811    0.0391005   0.00494265 -0.000916313  0.000657306            0            0            0    0.0735609     0.297194    0.0397578
         2800      3.72084      1.52608  3.59088e-16  1.16573e-15   -0.0818834            0            0            0    0.0666147     0.286895    0.0407414   0.00493027  -0.00090591  0.000654519            0            0            0     0.071545     0.285989    0.0413959
         2900      3.85259      1.52608  3.59088e-16  1.16573e-15   -0.0818834            0            0            0    0.0816579     0.333503    0.0390061   0.00490502 -0.000890523  0.000645257            0            0            0     0.086563     0.332612    0.0396514
         3000      3.98409      1.52608  3.59088e-16  1.16573e-15   -0.0818834            0            0            0    0.0700792     0.297049    0.0386316   0.00489038 -0.000896817  0.000641261            0            0            0    0.0749695     0.296152    0.0392729
         3100      4.11582      1.52608  3.59088e-16  1.16573e-15   -0.0818834            0            0            0    0.0655303     0.288428    0.0391274   0.00487265 -0.000886798  0.000640626            0            0            0    0.0704029     0.287541     0.039768
         3200      4.24731      1.52608  3.59088e-16  1.16573e-15   -0.0818834            0            0            0    0.0592146     0.261612     0.039421   0.00484226 -0.000888268  0.000640637            0            0            0    0.0640568     0.260724    0.0400617
         3300      4.37895      1.52608  3.59088e-16  1.16573e-15   -0.0818834            0            0            0    0.0500393     0.235265    0.0399357   0.00483857 -0.000861876  0.000640709            0            0            0    0.0548778     0.234403    0.0405764
         3400      4.50906      1.52608  3.59088e-16  1.16573e-15   -0.0818834            0            0            0    0.0629147     0.275831    0.0384837   0.00483589 -0.000861311  0.000643109            0            0            0    0.0677506     0.274969    0.0391268
         3500      4.63937      1.52608  3.59088e-16  1.16573e-15   -0.0818834            0            0            0    0.0723382     0.303448    0.0388668   0.00483034 -0.000854292  0.000642577            0            0            0    0.0771685     0.302594    0.0395093
         3600       4.7702      1.52608  3.59088e-16  1.16573e-15   -0.0818834            0            0            0    0.0773348     0.321377    0.0377572   0.00480973 -0.000854378  0.000635921            0            0            0    0.0821445     0.320523    0.0383932
         3700      4.90088      1.52608  3.59088e-16  1.16573e-15   -0.0818834            0            0            0    0.0650164     0.281242    0.0377297   0.00479778 -0.000859221  0.000634159            0            0            0    0.0698142     0.280382    0.0383639
         3800      5.03145      1.52608  3.59088e-16  1.16573e-15   -0.0818834            0            0            0    0.0548523     0.248467    0.0371245   0.00478507 -0.000848046  0.000632317            0            0            0    0.0596374     0.247619    0.0377568
         3900      5.16354      1.52608  3.59088e-16  1.16573e-15   -0.0818834            0            0            0    0.0595496     0.265768    0.0370862   0.00476504 -0.000838443  0.000625159            0            0            0    0.0643146     0.264929    0.0377114
         4000      5.29629      1.52608  3.59088e-16  1.16573e-15   -0.0818834            0            0            0    0.0565762     0.255096    0.0380599   0.00474882  -0.00083304  0.000618845            0            0            0     0.061325     0.254263    0.0386788
         4100      5.42947      1.52608  3.59088e-16  1.16573e-15   -0.0818834            0            0            0    0.0676172     0.290202    0.0362191   0.00474689 -0.000823527  0.000614041            0            0            0    0.0723641     0.289378    0.0368331
         4200       5.5606      1.52608  3.59088e-16  1.16573e-15   -0.0818834            0            0            0    0.0639684     0.275447    0.0358132   0.00474542 -0.000833714  0.000612606            0            0            0    0.0687139     0.274613    0.0364258
         4300      5.69179      1.52608  3.59088e-16  1.16573e-15   -0.0818834            0            0            0    0.0652109     0.284545     0.036756   0.00475804 -0.000825057  0.000617324            0            0            0    0.0699689      0.28372    0.0373733
         4400      5.82282      1.52608  3.59088e-16  1.16573e-15   -0.0818834            0            0            0    0.0655003     0.284466    0.0360476   0.00474692 -0.000831014  0.000617426            0            0            0    0.0702472     0.283635     0.036665
         4500      5.95348      1.52608  3.59088e-16  1.16573e-15   -0.0818834            0            0            0    0.0648293      0.27933    0.0360933   0.00473699 -0.000826014  0.000618326            0            0            0    0.0695663     0.278504    0.0367117
         4600      6.08452      1.52608  3.59088e-16  1.16573e-15   -0.0818834            0            0            0    0.0633918     0.275593    0.0360053    0.0047385 -0.000827464  0.000620922            0            0            0    0.0681303     0.274766    0.0366262
         4700      6.21569      1.52608  3.59088e-16  1.16573e-15   -0.0818834            0            0            0    0.0559704     0.252573    0.0367942   0.00474156 -0.000831162  0.000615436            0            0            0    0.0607119     0.251741    0.0374096
         4800      6.34768      1.52608  3.59088e-16  1.16573e-15   -0.0818834            0            0            0    0.0557178     0.252284    0.0370999   0.00473639 -0.000824149  0.000608936            0            0            0    0.0604542     0.251459    0.0377089
         4900      6.48127      1.52608  3.59088e-16  1.16573e-15   -0.0818834            0            0            0    0.0634583     0.275522    0.0360339   0.00473563 -0.000826442   0.00060812            0            0            0    0.0681939     0.274695     0.036642
         5000      6.61515      1.52608  3.59088e-16  1.16573e-15   -0.0818834            0            0            0    0.0666958     0.283109    0.0362153    0.0047406 -0.000826357  0.000611482            0            0            0    0.0714364     0.282283    0.0368268
         5100      6.74727      1.52608  3.59088e-16  1.16573e-15   -0.0818834            0            0            0    0.0743144     0.309268    0.0356931   0.00474219 -0.000832607  0.000607752            0            0            0    0.0790566     0.308435    0.0363009
         5200      6.87908      1.52608  3.59088e-16  1.16573e-15   -0.0818834            0            0            0    0.0606937     0.265522    0.0360571   0.00473117 -0.000837134  0.000604109            0            0            0    0.0654249     0.264685    0.0366612
         5300      7.01106      1.52608  3.59088e-16  1.16573e-15   -0.0818834            0            0            0    0.0589597     0.261138    0.0355524   0.00472858 -0.000824551   0.00060328            0            0            0    0.0636883     0.260313    0.0361556
         5400      7.14234      1.52608  3.59088e-16  1.16573e-15   -0.0818834            0            0            0    0.0564331     0.251854    0.0358505   0.00473579 -0.000831596  0.000604305            0            0            0    0.0611689     0.251023    0.0364548
         5500      7.27408      1.52608  3.59088e-16  1.16573e-15   -0.0818834            0            0            0    0.0580515     0.258583     0.036367   0.00474766 -0.000826575  0.000599962            0            0            0    0.0627991     0.257756     0.036967
         5600      7.40537      1.52608  3.59088e-16  1.16573e-15   -0.0818834            0            0            0    0.0636827     0.275776    0.0356503   0.00473443 -0.000825708  0.000596426            0            0            0    0.0684171     0.274951    0.0362467
         5700      7.53665      1.52608  3.59088e-16  1.16573e-15   -0.0818834            0            0            0    0.0639887     0.274952    0.0359086   0.00471309 -0.000818068  0.000595213            0            0            0    0.0687018     0.274134    0.0365038
         5800      7.66804      1.52608  3.59088e-16  1.16573e-15   -0.0818834            0            0            0    0.0643916     0.275724    0.0360933    0.0047034 -0.000813613  0.000593847            0            0            0     0.069095      0.27491    0.0366872
         5900      7.80029      1.52608  3.59088e-16  1.16573e-15   -0.0818834            0            0            0     0.063881       0.2738    0.0355982   0.00469841 -0.000816355  0.000592229            0            0            0    0.0685795     0.272983    0.0361904
         6000      7.93465      1.52608  3.59088e-16  1.16573e-15   -0.0818834            0            0            0    0.0603151     0.263159    0.0359569   0.00469782  -0.00081328  0.000593155            0            0            0    0.0650129     0.262345    0.0365501
         6100      8.06968      1.52608  3.59088e-16  1.16573e-15   -0.0818834            0            0            0    0.0633181     0.272992    0.0352504   0.00469307  -0.00081715  0.000588695            0            0            0    0.0680112     0.272174     0.035839
         6200       8.2049      1.52608  3.59088e-16  1.16573e-15   -0.0818834            0            0            0    0.0576809     0.253349    0.0355701   0.00469762 -0.000823687  0.000587073            0            0            0    0.0623786     0.252525    0.0361572
         6300      8.33992      1.52608  3.59088e-16  1.16573e-15   -0.0818834            0            0            0    0.0611057     0.265195    0.0356207   0.00470083 -0.000819751  0.000583787            0            0            0    0.0658065     0.264376    0.0362045
         6400      8.47301      1.52608  3.59088e-16  1.16573e-15   -0.0818834            0            0            0    0.0581353     0.255471    0.0353871   0.00469723 -0.000818058  0.000585679            0            0            0    0.0628325     0.254653    0.0359728
         6500       8.6058      1.52608  3.59088e-16  1.16573e-15   -0.0818834            0            0            0    0.0615072     0.267121    0.0355876   0.00470161 -0.000812898  0.000583815            0            0            0    0.0662088     0.266308    0.0361714
         6600      8.73857      1.52608  3.59088e-16  1.16573e-15   -0.0818834            0            0            0    0.0656215     0.279186    0.0356407   0.00470625 -0.000819631  0.000581896            0            0            0    0.0703278     0.278366    0.0362226
         6700      8.86992      1.52608  3.59088e-16  1.16573e-15   -0.0818834            0            0            0    0.0634618     0.272213    0.0356347   0.00472975 -0.000831624  0.000584611            0            0            0    0.0681915     0.271382    0.0362193
         6800      9.00084      1.52608  3.59088e-16  1.16573e-15   -0.0818834            0            0            0    0.0590965     0.260583    0.0352759   0.00475319 -0.000839817   0.00059496            0            0            0    0.0638497     0.259744    0.0358709
         6900      9.13165      1.52608  3.59088e-16  1.16573e-15   -0.0818834            0            0            0    0.0554777     0.249112    0.0357956   0.00475835 -0.000841957   0.00060287            0            0            0    0.0602361      0.24827    0.0363985
         7000      9.26266      1.52608  3.59088e-16  1.16573e-15   -0.0818834            0            0            0    0.0558729     0.249442    0.0360546   0.00475659  -0.00083643  0.000611005            0            0            0    0.0606295     0.248605    0.0366656
         7100      9.39434      1.52608  3.59088e-16  1.16573e-15   -0.0818834            0            0            0     0.061358     0.266489    0.0355646   0.00474958 -0.000831721  0.000612833            0            0            0    0.0661076     0.265657    0.0361774
         7200      9.52606      1.52608  3.59088e-16  1.16573e-15   -0.0818834            0            0            0    0.0604008     0.263528    0.0360609   0.00474372 -0.000831544  0.000609825            0            0            0    0.0651446     0.262697    0.0366708
         7300      9.65831      1.52608  3.59088e-16  1.16573e-15   -0.0818834            0            0            0    0.0645311     0.277228    0.0356666   0.00474139 -0.000834693  0.000607569            0            0            0    0.0692725     0.276393    0.0362742
         7400      9.79179      1.52608  3.59088e-16  1.16573e-15   -0.0818834            0            0            0    0.0596529     0.260322    0.0355933    0.0047347 -0.000838083  0.000597302            0            0            0    0.0643876     0.259484    0.0361906
         7500      9.92549      1.52608  3.59088e-16  1.16573e-15   -0.0818834            0            0            0    0.0607841     0.264921    0.0353734   0.00473478 -0.000828524  0.000596665            0            0            0    0.0655189     0.264092    0.0359701
         7600      10.0627      1.52608  3.59088e-16  1.16573e-15   -0.0818834            0            0            0    0.0599719     0.262574    0.0350278   0.00473002 -0.000832985    0.0005955            0            0            0    0.0647019     0.261741    0.0356233
         7700      10.1974      1.52608  3.59088e-16  1.16573e-15   -0.0818834            0            0            0    0.0591501     0.259914     0.035391   0.00472034 -0.000824925  0.000591251            0            0            0    0.0638704     0.259089    0.0359823
         7800      10.3321      1.52608  3.59088e-16  1.16573e-15   -0.0818834            0            0            0    0.0607115     0.264269    0.0352342   0.00470177  -0.00081754  0.000593048            0            0            0    0.0654133     0.263451    0.0358272
         7900       10.465      1.52608  3.59088e-16  1.16573e-15   -0.0818834            0            0            0    0.0597314     0.260339    0.0353302   0.00469828  -0.00081472  0.000590157            0            0            0    0.0644297     0.259524    0.0359204
         8000      10.5978      1.52608  3.59088e-16  1.16573e-15   -0.0818834            0            0            0    0.0599839      0.26205    0.0355611   0.00469571 -0.000806824  0.000588705            0            0            0    0.0646796     0.261243    0.0361498
         8100      10.7299      1.52608  3.59088e-16  1.16573e-15   -0.0818834            0            0            0    0.0637279     0.273783    0.0355828   0.00469641 -0.000808735  0.000593665            0            0            0    0.0684243     0.272974    0.0361765
         8200      10.8616      1.52608  3.59088e-16  1.16573e-15   -0.0818834            0            0            0    0.0622594     0.268003     0.035402   0.00469841  -0.00081443  0.000596494            0            0            0    0.0669578     0.267189    0.0359985
         8300       10.992      1.52608  3.59088e-16  1.16573e-15   -0.0818834            0            0            0    0.0641418     0.274399    0.0351526    0.0047043 -0.000818467  0.000599697            0            0            0    0.0688461      0.27358    0.0357523
         8400      11.1235      1.52608  3.59088e-16  1.16573e-15   -0.0818834            0            0            0    0.0584564     0.256351    0.0356265   0.00471165 -0.000821446  0.000604718            0            0            0     0.063168      0.25553    0.0362312
         8500      11.2552      1.52608  3.59088e-16  1.16573e-15   -0.0818834            0            0            0    0.0587564     0.258242    0.0356329   0.00471112 -0.000818143  0.000608866            0            0            0    0.0634675     0.257424    0.0362417
         8600      11.3867      1.52608  3.59088e-16  1.16573e-15   -0.0818834            0            0            0    0.0593846     0.258956    0.0352797   0.00471068 -0.000823095  0.000610601            0            0            0    0.0640953     0.258133    0.0358903
         8700      11.5203      1.52608  3.59088e-16  1.16573e-15   -0.0818834            0            0            0    0.0608207     0.263716    0.0354414   0.00472238 -0.000826294  0.000612223            0            0            0    0.0655431      0.26289    0.0360537
         8800      11.6557      1.52608  3.59088e-16  1.16573e-15   -0.0818834            0            0            0    0.0621751     0.268576    0.0349305   0.00474001   -0.0008329  0.000614601            0            0            0    0.0669152     0.267743    0.0355451
         8900      11.7911      1.52608  3.59088e-16  1.16573e-15   -0.0818834            0            0            0    0.0609223     0.264365    0.0349996   0.00473906 -0.000837745  0.000612554            0            0            0    0.0656613     0.263527    0.0356121
         9000      11.9249      1.52608  3.59088e-16  1.16573e-15   -0.0818834            0            0            0     0.060115     0.261788    0.0348553    0.0047406 -0.000837903  0.000612112            0            0            0    0.0648556      0.26095    0.0354675
         9100      12.0576      1.52608  3.59088e-16  1.16573e-15   -0.0818834            0            0            0    0.0615477     0.265685    0.0347578   0.00472669 -0.000834862  0.000605288            0            0            0    0.0662744      0.26485     0.035363
         9200      12.1908      1.52608  3.59088e-16  1.16573e-15   -0.0818834            0            0            0    0.0601701     0.260921    0.0351704   0.00472106 -0.000827014   0.00060413            0            0            0    0.0648912     0.260094    0.0357745
         9300       12.321      1.52608  3.59088e-16  1.16573e-15   -0.0818834            0            0            0    0.0631246     0.270463    0.0352717   0.00471403 -0.000831037  0.000600485            0            0            0    0.0678386     0.269632    0.0358722
         9400      12.4523      1.52608  3.59088e-16  1.16573e-15   -0.0818834            0            0            0    0.0600524     0.261134    0.0350044   0.00471531 -0.000826389  0.000592602            0            0            0    0.0647677     0.260307     0.035597
         9500      12.5854      1.52608  3.59088e-16  1.16573e-15   -0.0818834            0            0            0    0.0606842      0.26347    0.0349649   0.00471926 -0.000824399  0.000589642            0            0            0    0.0654034     0.262646    0.0355546
         9600       12.716      1.52608  3.59088e-16  1.16573e-15   -0.0818834            0            0            0    0.0612011     0.265002    0.0351657   0.00471232 -0.000829152  0.000584919            0            0            0    0.0659135     0.264173    0.0357507
         9700      12.8507      1.52608  3.59088e-16  1.16573e-15   -0.0818834            0            0            0    0.0622242     0.268799    0.0349366   0.00471022 -0.000817336  0.000584365            0            0            0    0.0669344     0.267981    0.0355209
         9800      12.9846      1.52608  3.59088e-16  1.16573e-15   -0.0818834            0            0            0    0.0630139     0.270896    0.0348438   0.00470999  -0.00082306  0.000587926            0            0            0    0.0677239     0.270073    0.0354317
         9900      13.1173      1.52608  3.59088e-16  1.16573e-15   -0.0818834            0            0            0     0.060394     0.263296    0.0349278   0.00471772 -0.000824157  0.000590232            0            0            0    0.0651118     0.262472    0.0355181
        10000       13.249      1.52608  3.59088e-16  1.16573e-15   -0.0818834            0            0            0     0.057729     0.256337    0.0348736   0.00472902 -0.000830495  0.000589303            0            0            0    0.0624581     0.255506    0.0354629
        10100        13.38      1.52608  3.59088e-16  1.16573e-15   -0.0818834            0            0            0    0.0583015      0.25813    0.0349692   0.00473066 -0.000825849  0.000592316            0            0            0    0.0630321     0.257304    0.0355615
        10200      13.5111      1.52608  3.59088e-16  1.16573e-15   -0.0818834            0            0            0    0.0592019     0.260526    0.0351256   0.00471957 -0.000821681  0.000597447            0            0            0    0.0639214     0.259705     0.035723
        10300      13.6418      1.52608  3.59088e-16  1.16573e-15   -0.0818834            0            0            0    0.0637066     0.274401    0.0348588   0.00470755 -0.000813322  0.000599964            0            0            0    0.0684142     0.273588    0.0354588
        10400      13.7743      1.52608  3.59088e-16  1.16573e-15   -0.0818834            0            0            0    0.0619094     0.268667    0.0352098   0.00469926 -0.000811279  0.000602804            0            0            0    0.0666086     0.267856    0.0358126
        10500      13.9073      1.52608  3.59088e-16  1.16573e-15   -0.0818834            0            0            0    0.0627484     0.272091    0.0350982   0.00470737 -0.000813493  0.000608584            0            0            0    0.0674558     0.271278    0.0357067
        10600      14.0403      1.52608  3.59088e-16  1.16573e-15   -0.0818834            0            0            0    0.0598588     0.262876    0.0351637   0.00471516 -0.000820701  0.000605394            0            0            0    0.0645739     0.262055    0.0357691
        10700      14.1713      1.52608  3.59088e-16  1.16573e-15   -0.0818834            0            0            0    0.0605254     0.265295     0.035273   0.00471795 -0.000813983  0.000602131            0            0            0    0.0652433     0.264481    0.0358751
        10800      14.3035      1.52608  3.59088e-16  1.16573e-15   -0.0818834            0            0            0    0.0599021     0.263625    0.0352069   0.00471679 -0.000813103  0.000598707            0            0            0    0.0646189     0.262812    0.0358056
        10900      14.4344      1.52608  3.59088e-16  1.16573e-15   -0.0818834            0            0            0     0.060298      0.26483     0.035344   0.00472593 -0.000819288  0.000595512            0            0            0     0.065024     0.264011    0.0359395
        11000      14.5658      1.52608  3.59088e-16  1.16573e-15   -0.0818834            0            0            0    0.0606552     0.266444    0.0350353   0.00471585 -0.000813965  0.000588434            0            0            0    0.0653711      0.26563    0.0356237
        11100      14.6974      1.52608  3.59088e-16  1.16573e-15   -0.0818834            0            0            0    0.0608252      0.26658    0.0353538   0.00470921 -0.000812444  0.000584117            0            0            0    0.0655344     0.265768    0.0359379
        11200      14.8295      1.52608  3.59088e-16  1.16573e-15   -0.0818834            0            0            0    0.0598065     0.264003    0.0353855   0.00471155 -0.000809747  0.000580939            0            0            0    0.0645181     0.263193    0.0359665
        11300      14.9607      1.52608  3.59088e-16  1.16573e-15   -0.0818834            0            0            0    0.0607542     0.267025    0.0354335   0.00471418  -0.00081288  0.000581069            0            0            0    0.0654684     0.266212    0.0360146
        11400      15.0947      1.52608  3.59088e-16  1.16573e-15   -0.0818834            0            0            0     0.058996     0.260958    0.0354015   0.00471989 -0.000816756  0.000586546            0            0            0    0.0637159     0.260142    0.0359881
        11500      15.2278      1.52608  3.59088e-16  1.16573e-15   -0.0818834            0            0            0     0.060187     0.264963    0.0353244   0.00471707 -0.000813845  0.000588974            0            0            0    0.0649041     0.264149    0.0359134
        11600      15.3601      1.52608  3.59088e-16  1.16573e-15   -0.0818834            0            0            0    0.0588051     0.259907    0.0355037   0.00470808 -0.000815105  0.000589013            0            0            0    0.0635132     0.259092    0.0360928
        11700      15.4926      1.52608  3.59088e-16  1.16573e-15   -0.0818834            0            0            0    0.0596165      0.26331     0.035448   0.00470137 -0.000804957  0.000585342            0            0            0    0.0643179     0.262505    0.0360333
        11800      15.6235      1.52608  3.59088e-16  1.16573e-15   -0.0818834            0            0            0    0.0601007     0.264305    0.0353146   0.00470324 -0.000808052  0.000588117            0            0            0     0.064804     0.263497    0.0359027
        11900      15.7545      1.52608  3.59088e-16  1.16573e-15   -0.0818834            0            0            0    0.0600738     0.264395     0.035274   0.00471353 -0.000809095  0.000590368            0            0            0    0.0647873     0.263586    0.0358644
        12000       15.886      1.52608  3.59088e-16  1.16573e-15   -0.0818834            0            0            0    0.0601621     0.264186    0.0350099   0.00472302 -0.000816789  0.000591761            0            0            0    0.0648851     0.263369    0.0356017
        12100      16.0184      1.52608  3.59088e-16  1.16573e-15   -0.0818834            0            0            0    0.0599131     0.263399    0.0352981   0.00471173  -0.00081403  0.000588633            0            0            0    0.0646249     0.262585    0.0358867
        12200      16.1505      1.52608  3.59088e-16  1.16573e-15   -0.0818834            0            0            0    0.0596115     0.262324    0.0355164   0.00472112 -0.000815774  0.000592256            0            0            0    0.0643326     0.261508    0.0361086
        12300      16.2827      1.52608  3.59088e-16  1.16573e-15   -0.0818834            0            0            0    0.0608269     0.265377    0.0353799   0.00471374 -0.000818498  0.000586521            0            0            0    0.0655406     0.264559    0.0359664
        12400      16.4143      1.52608  3.59088e-16  1.16573e-15   -0.0818834            0            0            0    0.0605555     0.264489    0.0353576   0.00472099 -0.000816316  0.000594088            0            0            0    0.0652765     0.263673    0.0359516
        12500      16.5465      1.52608  3.59088e-16  1.16573e-15   -0.0818834            0            0            0     0.061684     0.268188    0.0352577    0.0047164 -0.000814092  0.000590521            0            0            0    0.0664004     0.267373    0.0358482
        12600       16.679      1.52608  3.59088e-16  1.16573e-15   -0.0818834            0            0            0    0.0610103     0.265991    0.0352644    0.0047171 -0.000818899  0.000595185            0            0            0    0.0657274     0.265172    0.0358596
        12700      16.8109      1.52608  3.59088e-16  1.16573e-15   -0.0818834            0            0            0    0.0623722     0.269675    0.0351675   0.00470756 -0.000816671  0.000592313            0            0            0    0.0670797     0.268858    0.0357598
        12800      16.9429      1.52608  3.59088e-16  1.16573e-15   -0.0818834            0            0            0    0.0613882     0.267016    0.0351154   0.00470387 -0.000812107  0.000587847            0            0            0    0.0660921     0.266204    0.0357032
        12900       17.074      1.52608  3.59088e-16  1.16573e-15   -0.0818834            0            0            0    0.0605438     0.265061    0.0351959   0.00470134 -0.000815603  0.000584372            0            0            0    0.0652451     0.264245    0.0357802
        13000      17.2056      1.52608  3.59088e-16  1.16573e-15   -0.0818834            0            0            0    0.0604972     0.264948    0.0347438   0.00469741 -0.000810672  0.000586394            0            0            0    0.0651947     0.264137    0.0353302
        13100      17.3378      1.52608  3.59088e-16  1.16573e-15   -0.0818834            0            0            0    0.0603461     0.264119    0.0349374   0.00469216 -0.000815816  0.000582874            0            0            0    0.0650383     0.263303    0.0355202
        13200      17.4704      1.52608  3.59088e-16  1.16573e-15   -0.0818834            0            0            0    0.0605377     0.264698    0.0350727   0.00469165 -0.000813799  0.000582004            0            0            0    0.0652294     0.263884    0.0356547
        13300      17.6048      1.52608  3.59088e-16  1.16573e-15   -0.0818834            0            0            0    0.0607446     0.265673    0.0349947   0.00469211 -0.000811216   0.00058974            0            0            0    0.0654368     0.264862    0.0355844
        13400      17.7389      1.52608  3.59088e-16  1.16573e-15   -0.0818834            0            0            0     0.061339     0.267101     0.035098    0.0046795 -0.000805438  0.000590886            0            0            0    0.0660185     0.266295    0.0356888
        13500      17.8727      1.52608  3.59088e-16  1.16573e-15   -0.0818834            0            0            0    0.0621199     0.269604    0.0349304    0.0046792 -0.000803101  0.000592563            0            0            0    0.0667991     0.268801    0.0355229
        13600      18.0054      1.52608  3.59088e-16  1.16573e-15   -0.0818834            0            0            0    0.0605322     0.264244    0.0353632   0.00468634 -0.000807626  0.000598376            0            0            0    0.0652185     0.263436    0.0359616
        13700      18.1388      1.52608  3.59088e-16  1.16573e-15   -0.0818834            0            0            0    0.0614979     0.267108    0.0353315   0.00468935 -0.000812438  0.000595137            0            0            0    0.0661872     0.266296    0.0359266
        13800       18.271      1.52608  3.59088e-16  1.16573e-15   -0.0818834            0            0            0    0.0596423     0.261635    0.0353831   0.00469668  -0.00081584  0.000594212            0            0            0    0.0643389     0.260819    0.0359773
        13900      18.4039      1.52608  3.59088e-16  1.16573e-15   -0.0818834            0            0            0    0.0597541     0.262083    0.0350802   0.00470983  -0.00081902  0.000599478            0            0            0     0.064464     0.261264    0.0356797
        14000      18.5363      1.52608  3.59088e-16  1.16573e-15   -0.0818834            0            0            0    0.0608054      0.26508    0.0349551   0.00470421 -0.000817833   0.00059843            0            0            0    0.0655096     0.264262    0.0355535
        14100       18.669      1.52608  3.59088e-16  1.16573e-15   -0.0818834            0            0            0    0.0611581     0.265895    0.0349971    0.0047037 -0.000817743  0.000605901            0            0            0    0.0658618     0.265078     0.035603
        14200      18.8034      1.52608  3.59088e-16  1.16573e-15   -0.0818834            0            0            0    0.0613287     0.266923    0.0351952   0.00469413 -0.000813211  0.000604583            0            0            0    0.0660228      0.26611    0.0357998
        14300      18.9373      1.52608  3.59088e-16  1.16573e-15   -0.0818834            0            0            0    0.0607773     0.264765    0.0352837   0.00469537 -0.000816202  0.000605614            0            0            0    0.0654727     0.263949    0.0358893
        14400      19.0715      1.52608  3.59088e-16  1.16573e-15   -0.0818834            0            0            0    0.0597704     0.262012    0.0355121   0.00471204 -0.000821719  0.000605866            0            0            0    0.0644825     0.261191     0.036118
        14500      19.2064      1.52608  3.59088e-16  1.16573e-15   -0.0818834            0            0            0    0.0598562     0.261818    0.0353897   0.00472921 -0.000825439  0.000611211            0            0            0    0.0645854     0.260993     0.036001
        14600      19.3408      1.52608  3.59088e-16  1.16573e-15   -0.0818834            0            0            0    0.0596266     0.260923    0.0356019   0.00471307 -0.000821238  0.000606104            0            0            0    0.0643397     0.260101     0.036208
        14700      19.4736      1.52608  3.59088e-16  1.16573e-15   -0.0818834            0            0            0    0.0602579     0.262822    0.0356757    0.0047171 -0.000825214  0.000611436            0            0            0     0.064975     0.261997    0.0362871
        14800      19.6071      1.52608  3.59088e-16  1.16573e-15   -0.0818834            0            0            0    0.0605036     0.263005    0.0355928   0.00471431 -0.000822302  0.000615281            0            0            0    0.0652179     0.262182     0.036208
        14900      19.7408      1.52608  3.59088e-16  1.16573e-15   -0.0818834            0            0            0    0.0612243     0.265379    0.0354954   0.00470555   -0.0008202  0.000612994            0            0            0    0.0659299     0.264559    0.0361084
        15000      19.8746      1.52608  3.59088e-16  1.16573e-15   -0.0818834            0            0            0    0.0612564     0.265308    0.0352718   0.00469232 -0.000814012  0.000609532            0            0            0    0.0659487     0.264494    0.0358813
        15100      20.0087      1.52608  3.59088e-16  1.16573e-15   -0.0818834            0            0            0    0.0605488     0.263754    0.0350263   0.00468604 -0.000810201   0.00060932            0            0            0    0.0652348     0.262944    0.0356356
        15200      20.1431      1.52608  3.59088e-16  1.16573e-15   -0.0818834            0            0            0    0.0598235     0.261496    0.0350614   0.00468495 -0.000811048  0.000605006            0            0            0    0.0645084     0.260685    0.0356664
        15300      20.2763      1.52608  3.59088e-16  1.16573e-15   -0.0818834            0            0            0    0.0588122     0.258644    0.0349373   0.00468842 -0.000810506  0.000605156            0            0            0    0.0635007     0.257834    0.0355424
        15400      20.4086      1.52608  3.59088e-16  1.16573e-15   -0.0818834            0            0            0    0.0587135     0.258938     0.034958   0.00468259 -0.000807546  0.000597708            0            0            0    0.0633961      0.25813    0.0355557
        15500      20.5418      1.52608  3.59088e-16  1.16573e-15   -0.0818834            0            0            0    0.0591485     0.260072    0.0347062   0.00468065 -0.000801838  0.000603599            0            0            0    0.0638292      0.25927    0.0353098
        15600       20.674      1.52608  3.59088e-16  1.16573e-15   -0.0818834            0            0            0    0.0583891     0.257838    0.0346687   0.00468148 -0.000803688  0.000608591            0            0            0    0.0630706     0.257035    0.0352773
        15700      20.8074      1.52608  3.59088e-16  1.16573e-15   -0.0818834            0            0            0    0.0597442     0.261945    0.0346229   0.00467244 -0.000805021  0.000601309            0            0            0    0.0644167      0.26114    0.0352242
        15800      20.9414      1.52608  3.59088e-16  1.16573e-15   -0.0818834            0            0            0    0.0593368     0.260562     0.034578   0.00467374 -0.000806749  0.000603654            0            0            0    0.0640105     0.259755    0.0351817
        15900      21.0747      1.52608  3.59088e-16  1.16573e-15   -0.0818834            0            0            0    0.0592913     0.260538    0.0348283   0.00467225 -0.000804979  0.000603926            0            0            0    0.0639636     0.259733    0.0354322
        16000      21.2088      1.52608  3.59088e-16  1.16573e-15   -0.0818834            0            0            0    0.0587091     0.258916    0.0351438   0.00467424 -0.000810393  0.000601771            0            0            0    0.0633833     0.258106    0.0357456
        16100      21.3429      1.52608  3.59088e-16  1.16573e-15   -0.0818834            0            0            0    0.0583459     0.257678    0.0351443   0.00467183 -0.000803844  0.000598382            0            0            0    0.0630178     0.256874    0.0357426
        16200      21.4765      1.52608  3.59088e-16  1.16573e-15   -0.0818834            0            0            0    0.0586016     0.258567    0.0351542   0.00467353  -0.00080781  0.000596327            0            0            0    0.0632751      0.25776    0.0357505
        16300       21.611      1.52608  3.59088e-16  1.16573e-15   -0.0818834            0            0            0    0.0577982     0.256284    0.0349353    0.0046835 -0.000811617  0.000601648            0            0            0    0.0624817     0.255472    0.0355369
        16400      21.7458      1.52608  3.59088e-16  1.16573e-15   -0.0818834            0            0            0    0.0578941     0.256243    0.0347265   0.00467308 -0.000809284  0.000600402            0            0            0    0.0625672     0.255434    0.0353269
        16500      21.8806      1.52608  3.59088e-16  1.16573e-15   -0.0818834            0            0            0    0.0586429     0.258156     0.034891    0.0046596 -0.000804671  0.000598736            0            0            0    0.0633025     0.257351    0.0354897
        16600       22.015      1.52608  3.59088e-16  1.16573e-15   -0.0818834            0            0            0     0.058238     0.256898    0.0348002   0.00465722  -0.00080219  0.000596784            0            0            0    0.0628953     0.256096     0.035397
        16700      22.1492      1.52608  3.59088e-16  1.16573e-15   -0.0818834            0            0            0    0.0597212     0.261178    0.0346203   0.00465465 -0.000800106  0.000596185            0            0            0    0.0643758     0.260378    0.0352165
        16800       22.282      1.52608  3.59088e-16  1.16573e-15   -0.0818834            0            0            0     0.059224     0.259554    0.0344863   0.00465388  -0.00080007  0.000597971            0            0            0    0.0638779     0.258754    0.0350843
        16900      22.4157      1.52608  3.59088e-16  1.16573e-15   -0.0818834            0            0            0    0.0596574     0.260655    0.0344321   0.00465285 -0.000796948  0.000594168            0            0            0    0.0643103     0.259858    0.0350262
        17000      22.5482      1.52608  3.59088e-16  1.16573e-15   -0.0818834            0            0            0    0.0583247     0.257107    0.0343479   0.00465706 -0.000804281    0.0005919            0            0            0    0.0629818     0.256303    0.0349398
        17100      22.6813      1.52608  3.59088e-16  1.16573e-15   -0.0818834            0            0            0    0.0584332      0.25724    0.0344575   0.00465944 -0.000805846  0.000594176            0            0            0    0.0630927     0.256434    0.0350517
        17200       22.814      1.52608  3.59088e-16  1.16573e-15   -0.0818834            0            0            0    0.0589447     0.258486    0.0344185   0.00466816 -0.000808959   0.00059753            0            0            0    0.0636129     0.257677     0.035016
        17300      22.9465      1.52608  3.59088e-16  1.16573e-15   -0.0818834            0            0            0    0.0590061     0.258352     0.034579   0.00466497 -0.000809271  0.000600234            0            0            0    0.0636711     0.257543    0.0351792
        17400      23.0791      1.52608  3.59088e-16  1.16573e-15   -0.0818834            0            0            0    0.0596793     0.260298    0.0347114   0.00465717 -0.000804177  0.000598269            0            0            0    0.0643364     0.259494    0.0353096
        17500      23.2114      1.52608  3.59088e-16  1.16573e-15   -0.0818834            0            0            0    0.0598363     0.260918    0.0348197   0.00465461 -0.000801643  0.000599851            0            0            0    0.0644909     0.260116    0.0354196
        17600      23.3442      1.52608  3.59088e-16  1.16573e-15   -0.0818834            0            0            0    0.0594871      0.25912    0.0349037   0.00465503  -0.00080112  0.000600336            0            0            0    0.0641421     0.258319    0.0355041
        17700      23.4761      1.52608  3.59088e-16  1.16573e-15   -0.0818834            0            0            0    0.0596656      0.26001    0.0348471   0.00466258   -0.0008061  0.000602139            0            0            0    0.0643282     0.259204    0.0354492
        17800      23.6103      1.52608  3.59088e-16  1.16573e-15   -0.0818834            0            0            0    0.0590422     0.258176    0.0349347   0.00466742 -0.000808487   0.00060376            0            0            0    0.0637096     0.257368    0.0355385
        17900      23.7438      1.52608  3.59088e-16  1.16573e-15   -0.0818834            0            0            0    0.0599453     0.260915    0.0349954   0.00466124 -0.000809852   0.00060274            0            0            0    0.0646066     0.260106    0.0355982
        18000      23.8766      1.52608  3.59088e-16  1.16573e-15   -0.0818834            0            0            0    0.0599539     0.260629    0.0348993    0.0046597 -0.000808869  0.000600334            0            0            0    0.0646136      0.25982    0.0354996
        18100        24.01      1.52608  3.59088e-16  1.16573e-15   -0.0818834            0            0            0    0.0598289     0.260421    0.0348342   0.00464918 -0.000806182  0.000596923            0            0            0     0.064478     0.259615    0.0354311
        18200      24.1419      1.52608  3.59088e-16  1.16573e-15   -0.0818834            0            0            0    0.0591517     0.258658    0.0346019    0.0046645 -0.000807462  0.000593285            0            0            0    0.0638162     0.257851    0.0351952
        18300      24.2732      1.52608  3.59088e-16  1.16573e-15   -0.0818834            0            0            0    0.0583749      0.25666    0.0345008   0.00466648 -0.000808376  0.000594155            0            0            0    0.0630413     0.255852     0.035095
        18400      24.4063      1.52608  3.59088e-16  1.16573e-15   -0.0818834            0            0            0    0.0597895     0.260484    0.0344044   0.00467064 -0.000813853  0.000594417            0            0            0    0.0644602      0.25967    0.0349988
        18500      24.5384      1.52608  3.59088e-16  1.16573e-15   -0.0818834            0            0            0    0.0599175     0.260898    0.0344021   0.00466729 -0.000810228    0.0005885            0            0            0    0.0645848     0.260088    0.0349906
        18600      24.6714      1.52608  3.59088e-16  1.16573e-15   -0.0818834            0            0            0    0.0602902     0.262061    0.0343551   0.00465413 -0.000799773  0.000586823            0            0            0    0.0649443     0.261262    0.0349419
        18700      24.8044      1.52608  3.59088e-16  1.16573e-15   -0.0818834            0            0            0    0.0605982     0.263206    0.0342571   0.00464759 -0.000802794  0.000588732            0            0            0    0.0652458     0.262403    0.0348458
        18800      24.9368      1.52608  3.59088e-16  1.16573e-15   -0.0818834            0            0            0    0.0583027     0.257044    0.0341772   0.00466425 -0.000804235  0.000584042            0            0            0    0.0629669      0.25624    0.0347612
        18900      25.0696      1.52608  3.59088e-16  1.16573e-15   -0.0818834            0            0            0     0.057729     0.255639    0.0341111   0.00467979 -0.000810904   0.00058117            0            0            0    0.0624088     0.254828    0.0346923
        19000      25.2016      1.52608  3.59088e-16  1.16573e-15   -0.0818834            0            0            0    0.0582232      0.25701    0.0341038   0.00468124 -0.000810542  0.000581469            0            0            0    0.0629044       0.2562    0.0346852
        19100      25.3336      1.52608  3.59088e-16  1.16573e-15   -0.0818834            0            0            0    0.0587828     0.259067     0.034159   0.00467691 -0.000806897  0.000577757            0            0            0    0.0634597      0.25826    0.0347367
        19200      25.4666      1.52608  3.59088e-16  1.16573e-15   -0.0818834            0            0            0    0.0594906     0.260992    0.0342546   0.00467184 -0.000804673  0.000579309            0            0            0    0.0641624     0.260188    0.0348339
        19300       25.602      1.52608  3.59088e-16  1.16573e-15   -0.0818834            0            0            0    0.0597037     0.261188    0.0342673   0.00466718 -0.000800059  0.000581287            0            0            0    0.0643709     0.260388    0.0348486
        19400      25.7378      1.52608  3.59088e-16  1.16573e-15   -0.0818834            0            0            0    0.0595566     0.261221    0.0343557   0.00465132 -0.000797042  0.000582295            0            0            0     0.064208     0.260424     0.034938
        19500       25.873      1.52608  3.59088e-16  1.16573e-15   -0.0818834            0            0            0    0.0592501     0.260509     0.034165   0.00465511 -0.000795237  0.000588098            0            0            0    0.0639052     0.259713    0.0347531
        19600      26.0057      1.52608  3.59088e-16  1.16573e-15   -0.0818834            0            0            0    0.0601702     0.263074    0.0342724   0.00465818 -0.000799551   0.00058886            0            0            0    0.0648283     0.262274    0.0348613
        19700      26.1382      1.52608  3.59088e-16  1.16573e-15   -0.0818834            0            0            0    0.0595439       0.2613    0.0343871   0.00467549 -0.000807268  0.000587849            0            0            0    0.0642194     0.260493    0.0349749
        19800      26.2699      1.52608  3.59088e-16  1.16573e-15   -0.0818834            0            0            0    0.0591451     0.260489    0.0344568   0.00468226 -0.000807873  0.000585256            0            0            0    0.0638273     0.259681    0.0350421
        19900      26.4011      1.52608  3.59088e-16  1.16573e-15   -0.0818834            0            0            0    0.0585885     0.258883    0.0346305   0.00469697 -0.000813331  0.000587942            0            0            0    0.0632854      0.25807    0.0352184
        20000      26.5335      1.52608  3.59088e-16  1.16573e-15   -0.0818834            0            0            0    0.0598151     0.262104    0.0347738   0.00468606 -0.000811902   0.00058596            0            0            0    0.0645011     0.261292    0.0353598
