# WRITE_FORCE NAME data/force INTERVAL 100 FAZONE WALL; SCALING 1
#           1            2            3            4            5            6            7            8            9           10           11           12           13           14           15           16           17           18           19           20           21
#        step         time         area       area-x       area-y       area-z     f-conv-x     f-conv-y     f-conv-z        f-p-x        f-p-y        f-p-z     f-visc-x     f-visc-y     f-visc-z     f-body-x     f-body-y     f-body-z    f-total-x    f-total-y    f-total-z
          100     0.236191      1.54712 -4.56232e-16 -2.35922e-15 -2.42929e-18            0            0            0    0.0687837     0.272892   0.00221466   0.00698786  -0.00157839   4.2442e-05            0            0            0    0.0757716     0.271313    0.0022571
          200     0.395096      1.54712 -4.56232e-16 -2.35922e-15 -2.42929e-18            0            0            0    0.0802786     0.299883   0.00419946   0.00634438  -0.00144257  0.000103417            0            0            0     0.086623      0.29844   0.00430288
          300     0.561227      1.54712 -4.56232e-16 -2.35922e-15 -2.42929e-18            0            0            0     0.105042     0.371625    0.0113567   0.00605953   -0.0013533  0.000177539            0            0            0     0.111102     0.370272    0.0115343
          400     0.728893      1.54712 -4.56232e-16 -2.35922e-15 -2.42929e-18            0            0            0    0.0826003     0.298097   0.00193678   0.00589638  -0.00125376  0.000201341            0            0            0    0.0884967     0.296843   0.00213812
          500     0.895358      1.54712 -4.56232e-16 -2.35922e-15 -2.42929e-18            0            0            0    0.0438291     0.203352   0.00161318   0.00578777  -0.00119874  0.000241696            0            0            0    0.0496169     0.202154   0.00185488
          600      1.05856      1.54712 -4.56232e-16 -2.35922e-15 -2.42929e-18            0            0            0     0.061561     0.248615   0.00765154   0.00572695  -0.00119712  0.000266234            0            0            0     0.067288     0.247418   0.00791778
          700      1.21877      1.54712 -4.56232e-16 -2.35922e-15 -2.42929e-18            0            0            0    0.0842991     0.318574   0.00854397   0.00569364  -0.00112697  0.000284688            0            0            0    0.0899927     0.317447   0.00882866
          800      1.37124      1.54712 -4.56232e-16 -2.35922e-15 -2.42929e-18            0            0            0    0.0742801     0.275219   0.00944936   0.00569139  -0.00115901  0.000299344            0            0            0    0.0799715      0.27406    0.0097487
          900      1.52059      1.54712 -4.56232e-16 -2.35922e-15 -2.42929e-18            0            0            0    0.0890803     0.329031   0.00969468   0.00564823  -0.00114494  0.000322798            0            0            0    0.0947285     0.327886    0.0100175
         1000      1.66134      1.54712 -4.56232e-16 -2.35922e-15 -2.42929e-18            0            0            0    0.0817929      0.30769    0.0112805   0.00564494  -0.00112231  0.000331495            0            0            0    0.0874378     0.306568     0.011612
         1100      1.79887      1.54712 -4.56232e-16 -2.35922e-15 -2.42929e-18            0            0            0    0.0639638     0.244796    0.0126431   0.00564966  -0.00113447  0.000346908            0            0            0    0.0696134     0.243662      0.01299
         1200       1.9381      1.54712 -4.56232e-16 -2.35922e-15 -2.42929e-18            0            0            0    0.0495051     0.212068    0.0118038   0.00564132  -0.00111877   0.00035696            0            0            0    0.0551464     0.210949    0.0121608
         1300      2.07623      1.54712 -4.56232e-16 -2.35922e-15 -2.42929e-18            0            0            0    0.0664863     0.263895    0.0141021   0.00563673  -0.00110756  0.000365128            0            0            0     0.072123     0.262788    0.0144673
         1400      2.21441      1.54712 -4.56232e-16 -2.35922e-15 -2.42929e-18            0            0            0    0.0647729     0.266079     0.011718   0.00562504  -0.00109803  0.000375295            0            0            0    0.0703979     0.264981    0.0120933
         1500      2.35392      1.54712 -4.56232e-16 -2.35922e-15 -2.42929e-18            0            0            0    0.0827779       0.3141    0.0150286   0.00561173  -0.00108046  0.000383831            0            0            0    0.0883896      0.31302    0.0154124
         1600       2.4943      1.54712 -4.56232e-16 -2.35922e-15 -2.42929e-18            0            0            0    0.0988586     0.361619    0.0126925   0.00559221  -0.00106969  0.000388935            0            0            0     0.104451      0.36055    0.0130815
         1700       2.6365      1.54712 -4.56232e-16 -2.35922e-15 -2.42929e-18            0            0            0    0.0801557     0.295503    0.0135595   0.00556628  -0.00107579  0.000393118            0            0            0     0.085722     0.294427    0.0139526
         1800      2.77884      1.54712 -4.56232e-16 -2.35922e-15 -2.42929e-18            0            0            0    0.0820801     0.306444    0.0145805   0.00554656  -0.00106389  0.000393709            0            0            0    0.0876266      0.30538    0.0149743
         1900      2.91657      1.54712 -4.56232e-16 -2.35922e-15 -2.42929e-18            0            0            0    0.0822925     0.309467    0.0139587   0.00553788   -0.0010745   0.00040015            0            0            0    0.0878304     0.308392    0.0143588
         2000      3.05905      1.54712 -4.56232e-16 -2.35922e-15 -2.42929e-18            0            0            0    0.0729108     0.280755      0.01335   0.00552321  -0.00103653  0.000394726            0            0            0    0.0784341     0.279718    0.0137447
         2100      3.20554      1.54712 -4.56232e-16 -2.35922e-15 -2.42929e-18            0            0            0    0.0687828     0.270837    0.0135416   0.00550026  -0.00102935  0.000395642            0            0            0    0.0742831     0.269808    0.0139372
         2200      3.35537      1.54712 -4.56232e-16 -2.35922e-15 -2.42929e-18            0            0            0    0.0732547     0.278199    0.0147536   0.00547702  -0.00103027   0.00039291            0            0            0    0.0787317     0.277169    0.0151465
         2300      3.50095      1.54712 -4.56232e-16 -2.35922e-15 -2.42929e-18            0            0            0      0.07985     0.299461    0.0131449    0.0054665  -0.00101511  0.000398912            0            0            0    0.0853165     0.298445    0.0135438
         2400      3.65016      1.54712 -4.56232e-16 -2.35922e-15 -2.42929e-18            0            0            0    0.0724666     0.278964    0.0130389   0.00544968  -0.00100516  0.000390733            0            0            0    0.0779163     0.277959    0.0134296
         2500      3.80286      1.54712 -4.56232e-16 -2.35922e-15 -2.42929e-18            0            0            0    0.0761475     0.291535    0.0138177   0.00541979   -0.0010046  0.000391493            0            0            0    0.0815672     0.290531    0.0142092
         2600      3.94885      1.54712 -4.56232e-16 -2.35922e-15 -2.42929e-18            0            0            0    0.0725672     0.277976    0.0126792   0.00541205 -0.000995565  0.000391348            0            0            0    0.0779792      0.27698    0.0130706
         2700      4.10091      1.54712 -4.56232e-16 -2.35922e-15 -2.42929e-18            0            0            0    0.0700982     0.274376    0.0127213   0.00540934 -0.000980119  0.000385101            0            0            0    0.0755076     0.273396    0.0131064
         2800      4.25181      1.54712 -4.56232e-16 -2.35922e-15 -2.42929e-18            0            0            0    0.0702912     0.270592    0.0129675   0.00538841 -0.000994126  0.000384368            0            0            0    0.0756796     0.269598    0.0133518
         2900      4.40743      1.54712 -4.56232e-16 -2.35922e-15 -2.42929e-18            0            0            0    0.0664519      0.25971     0.012822   0.00537194 -0.000975949  0.000377872            0            0            0    0.0718238     0.258734    0.0131999
         3000      4.56184      1.54712 -4.56232e-16 -2.35922e-15 -2.42929e-18            0            0            0    0.0689489     0.269525    0.0124588   0.00535752 -0.000964271  0.000376608            0            0            0    0.0743064      0.26856    0.0128354
         3100      4.71867      1.54712 -4.56232e-16 -2.35922e-15 -2.42929e-18            0            0            0    0.0660787     0.261123     0.012136   0.00534418  -0.00096507  0.000377937            0            0            0    0.0714229     0.260158     0.012514
         3200      4.87828      1.54712 -4.56232e-16 -2.35922e-15 -2.42929e-18            0            0            0    0.0682121     0.266101    0.0120553   0.00533153 -0.000958017  0.000375069            0            0            0    0.0735436     0.265143    0.0124303
         3300      5.03419      1.54712 -4.56232e-16 -2.35922e-15 -2.42929e-18            0            0            0    0.0658998     0.258938    0.0116235   0.00532527 -0.000949443  0.000372694            0            0            0     0.071225     0.257988    0.0119961
         3400      5.19315      1.54712 -4.56232e-16 -2.35922e-15 -2.42929e-18            0            0            0    0.0708569     0.276334    0.0113968   0.00531736 -0.000935217  0.000369531            0            0            0    0.0761742     0.275399    0.0117663
         3500      5.35447      1.54712 -4.56232e-16 -2.35922e-15 -2.42929e-18            0            0            0    0.0708905     0.276508    0.0111862   0.00530921 -0.000937739  0.000366315            0            0            0    0.0761997      0.27557    0.0115526
         3600      5.51592      1.54712 -4.56232e-16 -2.35922e-15 -2.42929e-18            0            0            0    0.0669124     0.262459     0.010998   0.00529971 -0.000931994  0.000363824            0            0            0    0.0722121     0.261527    0.0113618
         3700      5.67664      1.54712 -4.56232e-16 -2.35922e-15 -2.42929e-18            0            0            0    0.0729098     0.283454    0.0110281   0.00531761 -0.000933362   0.00036412            0            0            0    0.0782275      0.28252    0.0113922
         3800      5.83248      1.54712 -4.56232e-16 -2.35922e-15 -2.42929e-18            0            0            0    0.0710378     0.278331    0.0113035   0.00531975  -0.00094428  0.000361921            0            0            0    0.0763575     0.277387    0.0116654
         3900      5.98253      1.54712 -4.56232e-16 -2.35922e-15 -2.42929e-18            0            0            0    0.0701824     0.273116    0.0114389   0.00532096 -0.000944788  0.000366551            0            0            0    0.0755034     0.272172    0.0118055
         4000      6.13843      1.54712 -4.56232e-16 -2.35922e-15 -2.42929e-18            0            0            0     0.073155     0.282156    0.0111421    0.0053229 -0.000940023  0.000369131            0            0            0    0.0784779     0.281216    0.0115112
         4100      6.29931      1.54712 -4.56232e-16 -2.35922e-15 -2.42929e-18            0            0            0     0.070873     0.276189    0.0112967   0.00532121 -0.000946347  0.000367398            0            0            0    0.0761942     0.275243    0.0116641
         4200      6.46043      1.54712 -4.56232e-16 -2.35922e-15 -2.42929e-18            0            0            0    0.0702268     0.274399    0.0119687   0.00530664  -0.00094413  0.000366205            0            0            0    0.0755335     0.273455    0.0123349
         4300      6.62254      1.54712 -4.56232e-16 -2.35922e-15 -2.42929e-18            0            0            0    0.0695416     0.269778    0.0117127   0.00529771 -0.000940193  0.000367015            0            0            0    0.0748393     0.268838    0.0120798
         4400      6.78438      1.54712 -4.56232e-16 -2.35922e-15 -2.42929e-18            0            0            0    0.0683407     0.268689    0.0110687   0.00530032 -0.000933077  0.000362588            0            0            0     0.073641     0.267756    0.0114313
         4500      6.94588      1.54712 -4.56232e-16 -2.35922e-15 -2.42929e-18            0            0            0    0.0698472      0.27224    0.0113139   0.00529445 -0.000941292  0.000360857            0            0            0    0.0751417     0.271298    0.0116748
         4600       7.1071      1.54712 -4.56232e-16 -2.35922e-15 -2.42929e-18            0            0            0    0.0652727     0.257074    0.0117307   0.00529777  -0.00094369  0.000361651            0            0            0    0.0705704     0.256131    0.0120923
         4700      7.26932      1.54712 -4.56232e-16 -2.35922e-15 -2.42929e-18            0            0            0    0.0673642     0.264638    0.0118793   0.00531776 -0.000946843  0.000359936            0            0            0     0.072682     0.263692    0.0122392
         4800       7.4315      1.54712 -4.56232e-16 -2.35922e-15 -2.42929e-18            0            0            0     0.066706     0.263125    0.0113769   0.00532149 -0.000952958  0.000357184            0            0            0    0.0720275     0.262172     0.011734
         4900      7.59306      1.54712 -4.56232e-16 -2.35922e-15 -2.42929e-18            0            0            0    0.0662147     0.260874    0.0111129   0.00531606 -0.000954087  0.000357553            0            0            0    0.0715307      0.25992    0.0114705
         5000      7.75502      1.54712 -4.56232e-16 -2.35922e-15 -2.42929e-18            0            0            0    0.0667638     0.262444    0.0112842   0.00532709 -0.000965699  0.000353868            0            0            0    0.0720909     0.261479    0.0116381
         5100      7.91783      1.54712 -4.56232e-16 -2.35922e-15 -2.42929e-18            0            0            0    0.0664471     0.262822    0.0114565   0.00534633 -0.000969878  0.000355568            0            0            0    0.0717934     0.261852    0.0118121
         5200      8.07892      1.54712 -4.56232e-16 -2.35922e-15 -2.42929e-18            0            0            0    0.0701715     0.274153    0.0110778    0.0053375 -0.000966318  0.000359001            0            0            0     0.075509     0.273186    0.0114368
         5300      8.23785      1.54712 -4.56232e-16 -2.35922e-15 -2.42929e-18            0            0            0    0.0695666     0.270158    0.0110748   0.00533698 -0.000963695  0.000359276            0            0            0    0.0749036     0.269195    0.0114341
         5400      8.39587      1.54712 -4.56232e-16 -2.35922e-15 -2.42929e-18            0            0            0    0.0683206     0.267974    0.0111725   0.00535091 -0.000963393  0.000358059            0            0            0    0.0736715     0.267011    0.0115306
         5500      8.55722      1.54712 -4.56232e-16 -2.35922e-15 -2.42929e-18            0            0            0    0.0722452     0.281286    0.0111901   0.00535418 -0.000966324  0.000362732            0            0            0    0.0775993      0.28032    0.0115528
         5600      8.70962      1.54712 -4.56232e-16 -2.35922e-15 -2.42929e-18            0            0            0    0.0708994     0.275647    0.0110713    0.0053542 -0.000966987  0.000355056            0            0            0    0.0762536      0.27468    0.0114264
         5700       8.8719      1.54712 -4.56232e-16 -2.35922e-15 -2.42929e-18            0            0            0    0.0709138     0.274979    0.0114128   0.00535374 -0.000970663  0.000352046            0            0            0    0.0762676     0.274009    0.0117648
         5800      9.03391      1.54712 -4.56232e-16 -2.35922e-15 -2.42929e-18            0            0            0    0.0701332     0.274276    0.0118345    0.0053613 -0.000972994  0.000349583            0            0            0    0.0754945     0.273303    0.0121841
         5900      9.19651      1.54712 -4.56232e-16 -2.35922e-15 -2.42929e-18            0            0            0    0.0718647     0.279593    0.0117097   0.00536673 -0.000980269  0.000350418            0            0            0    0.0772315     0.278613    0.0120601
         6000      9.35939      1.54712 -4.56232e-16 -2.35922e-15 -2.42929e-18            0            0            0    0.0714727     0.277909    0.0116387   0.00536526 -0.000982825  0.000353715            0            0            0     0.076838     0.276926    0.0119925
         6100      9.51962      1.54712 -4.56232e-16 -2.35922e-15 -2.42929e-18            0            0            0    0.0688766     0.269745    0.0112583   0.00535943 -0.000974654  0.000360461            0            0            0    0.0742361      0.26877    0.0116188
         6200      9.67718      1.54712 -4.56232e-16 -2.35922e-15 -2.42929e-18            0            0            0    0.0709892     0.276915    0.0113123   0.00534874 -0.000960968  0.000358145            0            0            0    0.0763379     0.275954    0.0116705
         6300      9.83994      1.54712 -4.56232e-16 -2.35922e-15 -2.42929e-18            0            0            0    0.0720357      0.27789    0.0110336   0.00534966 -0.000958221  0.000360411            0            0            0    0.0773854     0.276932     0.011394
         6400      10.0019      1.54712 -4.56232e-16 -2.35922e-15 -2.42929e-18            0            0            0    0.0683766     0.267874    0.0101446   0.00535575 -0.000952227  0.000359978            0            0            0    0.0737323     0.266922    0.0105046
         6500      10.1574      1.54712 -4.56232e-16 -2.35922e-15 -2.42929e-18            0            0            0    0.0688946       0.2696    0.0105335   0.00535661 -0.000954839  0.000354458            0            0            0    0.0742512     0.268646    0.0108879
         6600      10.3148      1.54712 -4.56232e-16 -2.35922e-15 -2.42929e-18            0            0            0    0.0686398     0.269165    0.0106138   0.00535879 -0.000950375  0.000351011            0            0            0    0.0739986     0.268214    0.0109648
         6700      10.4759      1.54712 -4.56232e-16 -2.35922e-15 -2.42929e-18            0            0            0    0.0684022     0.268177    0.0105975   0.00536086 -0.000957436  0.000345213            0            0            0     0.073763     0.267219    0.0109427
         6800      10.6277      1.54712 -4.56232e-16 -2.35922e-15 -2.42929e-18            0            0            0    0.0668763     0.264177    0.0108715   0.00535116 -0.000952404  0.000342018            0            0            0    0.0722274     0.263224    0.0112135
         6900       10.789      1.54712 -4.56232e-16 -2.35922e-15 -2.42929e-18            0            0            0    0.0673507     0.266163    0.0111591    0.0053353 -0.000944507  0.000343487            0            0            0     0.072686     0.265219    0.0115026
         7000      10.9509      1.54712 -4.56232e-16 -2.35922e-15 -2.42929e-18            0            0            0    0.0684336     0.268964    0.0109796   0.00533378 -0.000949681  0.000346567            0            0            0    0.0737674     0.268015    0.0113261
         7100      11.1121      1.54712 -4.56232e-16 -2.35922e-15 -2.42929e-18            0            0            0    0.0670093     0.264271    0.0110171   0.00533269 -0.000949137  0.000347358            0            0            0     0.072342     0.263322    0.0113644
         7200      11.2745      1.54712 -4.56232e-16 -2.35922e-15 -2.42929e-18            0            0            0    0.0679018     0.267593    0.0112449   0.00532391 -0.000943841   0.00034814            0            0            0    0.0732257     0.266649    0.0115931
         7300      11.4356      1.54712 -4.56232e-16 -2.35922e-15 -2.42929e-18            0            0            0    0.0681833     0.269167    0.0110289   0.00531536 -0.000938037  0.000350637            0            0            0    0.0734987     0.268229    0.0113796
         7400      11.5981      1.54712 -4.56232e-16 -2.35922e-15 -2.42929e-18            0            0            0    0.0677243     0.267543    0.0104803   0.00531904 -0.000941142  0.000347816            0            0            0    0.0730433     0.266602    0.0108281
         7500      11.7616      1.54712 -4.56232e-16 -2.35922e-15 -2.42929e-18            0            0            0    0.0675946     0.267767    0.0100944   0.00532071 -0.000946668  0.000346684            0            0            0    0.0729153      0.26682    0.0104411
         7600      11.9235      1.54712 -4.56232e-16 -2.35922e-15 -2.42929e-18            0            0            0    0.0676863     0.268027    0.0104077   0.00532193 -0.000952955   0.00034673            0            0            0    0.0730082     0.267074    0.0107544
         7700      12.0862      1.54712 -4.56232e-16 -2.35922e-15 -2.42929e-18            0            0            0    0.0689575     0.271592    0.0109288   0.00530982 -0.000946414  0.000343176            0            0            0    0.0742673     0.270646     0.011272
         7800      12.2501      1.54712 -4.56232e-16 -2.35922e-15 -2.42929e-18            0            0            0    0.0686669     0.269743     0.011232   0.00530409 -0.000947315  0.000337399            0            0            0    0.0739709     0.268795    0.0115694
         7900       12.412      1.54712 -4.56232e-16 -2.35922e-15 -2.42929e-18            0            0            0    0.0676135     0.266682    0.0109754    0.0053179 -0.000947656  0.000342072            0            0            0    0.0729313     0.265734    0.0113175
         8000      12.5743      1.54712 -4.56232e-16 -2.35922e-15 -2.42929e-18            0            0            0    0.0684694     0.269113    0.0112551   0.00532129 -0.000949899  0.000342062            0            0            0    0.0737907     0.268164    0.0115972
         8100      12.7355      1.54712 -4.56232e-16 -2.35922e-15 -2.42929e-18            0            0            0    0.0679706     0.267031    0.0112811    0.0053286 -0.000961637  0.000348254            0            0            0    0.0732992     0.266069    0.0116294
         8200      12.8865      1.54712 -4.56232e-16 -2.35922e-15 -2.42929e-18            0            0            0    0.0673032     0.265553    0.0113094   0.00533196 -0.000952784  0.000357208            0            0            0    0.0726351       0.2646    0.0116666
         8300      13.0497      1.54712 -4.56232e-16 -2.35922e-15 -2.42929e-18            0            0            0    0.0679383     0.266656     0.010943   0.00532758 -0.000952745  0.000362606            0            0            0    0.0732659     0.265704    0.0113056
         8400       13.205      1.54712 -4.56232e-16 -2.35922e-15 -2.42929e-18            0            0            0    0.0679393      0.26698    0.0118688   0.00531745 -0.000947346  0.000361922            0            0            0    0.0732567     0.266032    0.0122307
         8500       13.367      1.54712 -4.56232e-16 -2.35922e-15 -2.42929e-18            0            0            0    0.0667198     0.264182    0.0115509   0.00532129 -0.000953791  0.000360379            0            0            0    0.0720411     0.263229    0.0119113
         8600      13.5259      1.54712 -4.56232e-16 -2.35922e-15 -2.42929e-18            0            0            0    0.0660123     0.262594    0.0111011   0.00532858 -0.000947664  0.000357652            0            0            0    0.0713409     0.261647    0.0114587
         8700      13.6869      1.54712 -4.56232e-16 -2.35922e-15 -2.42929e-18            0            0            0    0.0675096      0.26666    0.0112703   0.00532754 -0.000951549  0.000356769            0            0            0    0.0728371     0.265709    0.0116271
         8800      13.8464      1.54712 -4.56232e-16 -2.35922e-15 -2.42929e-18            0            0            0    0.0680491     0.268018    0.0114229   0.00533038 -0.000955818  0.000359929            0            0            0    0.0733795     0.267062    0.0117828
         8900      14.0089      1.54712 -4.56232e-16 -2.35922e-15 -2.42929e-18            0            0            0    0.0669382     0.264862    0.0113745   0.00533432 -0.000952842   0.00035762            0            0            0    0.0722725     0.263909    0.0117321
         9000      14.1708      1.54712 -4.56232e-16 -2.35922e-15 -2.42929e-18            0            0            0    0.0688968     0.269807    0.0109513   0.00532886 -0.000950331  0.000360693            0            0            0    0.0742256     0.268857     0.011312
         9100      14.3332      1.54712 -4.56232e-16 -2.35922e-15 -2.42929e-18            0            0            0    0.0692744     0.270677    0.0112764    0.0053309 -0.000953457  0.000356005            0            0            0    0.0746053     0.269724    0.0116324
         9200      14.4943      1.54712 -4.56232e-16 -2.35922e-15 -2.42929e-18            0            0            0    0.0688125     0.269818    0.0115721   0.00532205 -0.000954795  0.000348524            0            0            0    0.0741345     0.268863    0.0119207
         9300      14.6533      1.54712 -4.56232e-16 -2.35922e-15 -2.42929e-18            0            0            0    0.0683161     0.268388    0.0118539   0.00532384 -0.000959834  0.000356248            0            0            0      0.07364     0.267428    0.0122102
         9400      14.8162      1.54712 -4.56232e-16 -2.35922e-15 -2.42929e-18            0            0            0    0.0688194     0.269722    0.0111492   0.00531553 -0.000949541  0.000358973            0            0            0    0.0741349     0.268772    0.0115081
         9500      14.9771      1.54712 -4.56232e-16 -2.35922e-15 -2.42929e-18            0            0            0    0.0686546     0.269832    0.0111319   0.00531546 -0.000950504  0.000352602            0            0            0      0.07397     0.268882    0.0114845
         9600        15.14      1.54712 -4.56232e-16 -2.35922e-15 -2.42929e-18            0            0            0    0.0682918     0.267892    0.0114485   0.00531357 -0.000935952   0.00035278            0            0            0    0.0736054     0.266956    0.0118012
         9700      15.3017      1.54712 -4.56232e-16 -2.35922e-15 -2.42929e-18            0            0            0    0.0683156     0.268247    0.0111529    0.0053073 -0.000928837  0.000356055            0            0            0    0.0736229     0.267318     0.011509
         9800      15.4637      1.54712 -4.56232e-16 -2.35922e-15 -2.42929e-18            0            0            0    0.0684901     0.269126     0.010546   0.00531926 -0.000935694  0.000359232            0            0            0    0.0738093      0.26819    0.0109052
         9900      15.6178      1.54712 -4.56232e-16 -2.35922e-15 -2.42929e-18            0            0            0    0.0683505     0.268502    0.0108481   0.00531113 -0.000938237  0.000354876            0            0            0    0.0736616     0.267564     0.011203
        10000      15.7792      1.54712 -4.56232e-16 -2.35922e-15 -2.42929e-18            0            0            0    0.0682193      0.26749    0.0105596   0.00530545 -0.000933376    0.0003603            0            0            0    0.0735248     0.266557    0.0109199
        10100      15.9423      1.54712 -4.56232e-16 -2.35922e-15 -2.42929e-18            0            0            0    0.0678386     0.267082    0.0104515   0.00531025 -0.000946734  0.000357507            0            0            0    0.0731488     0.266135    0.0108091
        10200      16.1018      1.54712 -4.56232e-16 -2.35922e-15 -2.42929e-18            0            0            0    0.0681018     0.267844    0.0108581   0.00530279 -0.000942165  0.000351777            0            0            0    0.0734046     0.266902    0.0112099
        10300       16.263      1.54712 -4.56232e-16 -2.35922e-15 -2.42929e-18            0            0            0    0.0684255     0.267442    0.0109728   0.00530074 -0.000940807  0.000346601            0            0            0    0.0737263     0.266501    0.0113194
        10400      16.4255      1.54712 -4.56232e-16 -2.35922e-15 -2.42929e-18            0            0            0    0.0669453     0.263898    0.0116123   0.00530605 -0.000941557  0.000347968            0            0            0    0.0722514     0.262956    0.0119603
        10500      16.5876      1.54712 -4.56232e-16 -2.35922e-15 -2.42929e-18            0            0            0    0.0672719      0.26547    0.0112746   0.00531079 -0.000942441  0.000347292            0            0            0    0.0725827     0.264527    0.0116219
        10600       16.751      1.54712 -4.56232e-16 -2.35922e-15 -2.42929e-18            0            0            0    0.0673899     0.265528    0.0107661   0.00532206 -0.000947708  0.000342302            0            0            0     0.072712      0.26458    0.0111084
        10700      16.9127      1.54712 -4.56232e-16 -2.35922e-15 -2.42929e-18            0            0            0    0.0666424      0.26377    0.0108762   0.00533726 -0.000959796  0.000334903            0            0            0    0.0719797      0.26281    0.0112111
        10800      17.0741      1.54712 -4.56232e-16 -2.35922e-15 -2.42929e-18            0            0            0    0.0671136     0.265603    0.0111928   0.00534112 -0.000965843  0.000337983            0            0            0    0.0724547     0.264637    0.0115308
        10900      17.2373      1.54712 -4.56232e-16 -2.35922e-15 -2.42929e-18            0            0            0     0.068217     0.268409    0.0110014   0.00534585 -0.000965373  0.000343133            0            0            0    0.0735628     0.267444    0.0113445
        11000      17.3991      1.54712 -4.56232e-16 -2.35922e-15 -2.42929e-18            0            0            0    0.0687784     0.269932    0.0109529   0.00533938 -0.000963674  0.000348393            0            0            0    0.0741178     0.268968    0.0113013
        11100      17.5619      1.54712 -4.56232e-16 -2.35922e-15 -2.42929e-18            0            0            0    0.0685013     0.268875    0.0111468   0.00532667 -0.000960445  0.000347837            0            0            0    0.0738279     0.267914    0.0114946
        11200      17.7239      1.54712 -4.56232e-16 -2.35922e-15 -2.42929e-18            0            0            0    0.0694744     0.271047    0.0113056   0.00533128 -0.000961268  0.000357222            0            0            0    0.0748057     0.270086    0.0116628
        11300       17.886      1.54712 -4.56232e-16 -2.35922e-15 -2.42929e-18            0            0            0    0.0685929     0.269657    0.0112018   0.00534062 -0.000964496   0.00035652            0            0            0    0.0739335     0.268693    0.0115584
        11400      18.0462      1.54712 -4.56232e-16 -2.35922e-15 -2.42929e-18            0            0            0    0.0685026     0.268807     0.011101   0.00535526 -0.000975897  0.000357717            0            0            0    0.0738579     0.267831    0.0114587
        11500       18.209      1.54712 -4.56232e-16 -2.35922e-15 -2.42929e-18            0            0            0      0.06834     0.268561    0.0112549   0.00536671 -0.000978603  0.000359183            0            0            0    0.0737067     0.267582    0.0116141
        11600      18.3657      1.54712 -4.56232e-16 -2.35922e-15 -2.42929e-18            0            0            0    0.0691096     0.270839    0.0116516   0.00536433 -0.000973176  0.000362163            0            0            0     0.074474     0.269866    0.0120138
        11700      18.5239      1.54712 -4.56232e-16 -2.35922e-15 -2.42929e-18            0            0            0    0.0691697     0.270675    0.0116649   0.00536081 -0.000974875  0.000364089            0            0            0    0.0745305       0.2697     0.012029
        11800      18.6855      1.54712 -4.56232e-16 -2.35922e-15 -2.42929e-18            0            0            0    0.0683897     0.268349    0.0117042   0.00536078 -0.000977267    0.0003695            0            0            0    0.0737504     0.267372    0.0120737
        11900      18.8457      1.54712 -4.56232e-16 -2.35922e-15 -2.42929e-18            0            0            0    0.0687491     0.269109    0.0120511   0.00535701 -0.000977168  0.000360739            0            0            0    0.0741061     0.268132    0.0124118
        12000      19.0027      1.54712 -4.56232e-16 -2.35922e-15 -2.42929e-18            0            0            0     0.068944     0.270111     0.011919   0.00535855 -0.000973513  0.000370782            0            0            0    0.0743026     0.269138    0.0122898
        12100      19.1633      1.54712 -4.56232e-16 -2.35922e-15 -2.42929e-18            0            0            0    0.0678159     0.267138    0.0112578   0.00536048 -0.000964386  0.000374754            0            0            0    0.0731764     0.266174    0.0116325
        12200      19.3262      1.54712 -4.56232e-16 -2.35922e-15 -2.42929e-18            0            0            0     0.068293     0.268224    0.0113902   0.00534325 -0.000950171  0.000363309            0            0            0    0.0736362     0.267274    0.0117535
        12300      19.4885      1.54712 -4.56232e-16 -2.35922e-15 -2.42929e-18            0            0            0     0.068363     0.268949    0.0115532   0.00532459 -0.000941016  0.000357722            0            0            0    0.0736876     0.268008    0.0119109
        12400      19.6451      1.54712 -4.56232e-16 -2.35922e-15 -2.42929e-18            0            0            0    0.0681762     0.268112    0.0110975   0.00533214 -0.000948224  0.000352638            0            0            0    0.0735083     0.267163    0.0114501
        12500      19.8041      1.54712 -4.56232e-16 -2.35922e-15 -2.42929e-18            0            0            0    0.0680463     0.267572    0.0108097   0.00534548 -0.000957043  0.000351226            0            0            0    0.0733917     0.266615    0.0111609
        12600      19.9578      1.54712 -4.56232e-16 -2.35922e-15 -2.42929e-18            0            0            0    0.0687405     0.269278    0.0113182   0.00533874 -0.000961924  0.000351254            0            0            0    0.0740792     0.268316    0.0116695
        12700      20.1106      1.54712 -4.56232e-16 -2.35922e-15 -2.42929e-18            0            0            0    0.0688357     0.269705     0.010973   0.00533801 -0.000953676  0.000355564            0            0            0    0.0741737     0.268751    0.0113286
        12800      20.2738      1.54712 -4.56232e-16 -2.35922e-15 -2.42929e-18            0            0            0    0.0691588     0.270037     0.011161   0.00533737 -0.000955599   0.00035153            0            0            0    0.0744962     0.269081    0.0115126
        12900      20.4353      1.54712 -4.56232e-16 -2.35922e-15 -2.42929e-18            0            0            0    0.0683457     0.268029    0.0113953    0.0053362 -0.000953664  0.000345954            0            0            0    0.0736819     0.267075    0.0117413
        13000      20.5842      1.54712 -4.56232e-16 -2.35922e-15 -2.42929e-18            0            0            0     0.069383     0.270789    0.0116714   0.00533563 -0.000953492  0.000345459            0            0            0    0.0747186     0.269835    0.0120168
        13100      20.7473      1.54712 -4.56232e-16 -2.35922e-15 -2.42929e-18            0            0            0    0.0683416     0.267966    0.0113122   0.00534042 -0.000957668  0.000355112            0            0            0    0.0736821     0.267008    0.0116674
        13200      20.9059      1.54712 -4.56232e-16 -2.35922e-15 -2.42929e-18            0            0            0    0.0687036     0.268569    0.0115775   0.00533564 -0.000959763  0.000349585            0            0            0    0.0740393     0.267609    0.0119271
        13300      21.0607      1.54712 -4.56232e-16 -2.35922e-15 -2.42929e-18            0            0            0    0.0689796      0.26965    0.0117261   0.00533645 -0.000958967  0.000351244            0            0            0    0.0743161     0.268691    0.0120773
        13400      21.2229      1.54712 -4.56232e-16 -2.35922e-15 -2.42929e-18            0            0            0    0.0691398     0.269932    0.0113355   0.00534488 -0.000955445  0.000353938            0            0            0    0.0744846     0.268976    0.0116894
        13500      21.3843      1.54712 -4.56232e-16 -2.35922e-15 -2.42929e-18            0            0            0    0.0685846     0.268692    0.0112327   0.00534952 -0.000961014  0.000354095            0            0            0    0.0739341     0.267731    0.0115868
        13600      21.5448      1.54712 -4.56232e-16 -2.35922e-15 -2.42929e-18            0            0            0    0.0692299     0.270001    0.0115349   0.00533767 -0.000950898  0.000351297            0            0            0    0.0745676      0.26905    0.0118862
        13700      21.7073      1.54712 -4.56232e-16 -2.35922e-15 -2.42929e-18            0            0            0    0.0685799      0.26906    0.0111607   0.00533541 -0.000945481  0.000349985            0            0            0    0.0739153     0.268115    0.0115107
        13800      21.8705      1.54712 -4.56232e-16 -2.35922e-15 -2.42929e-18            0            0            0    0.0680482     0.268318    0.0108348   0.00534202  -0.00095076  0.000353305            0            0            0    0.0733902     0.267368    0.0111881
        13900      22.0327      1.54712 -4.56232e-16 -2.35922e-15 -2.42929e-18            0            0            0    0.0684762     0.268846    0.0103707   0.00533513 -0.000947893   0.00034608            0            0            0    0.0738114     0.267898    0.0107168
        14000      22.1931      1.54712 -4.56232e-16 -2.35922e-15 -2.42929e-18            0            0            0    0.0688911     0.270071    0.0110203   0.00532658 -0.000946242  0.000340562            0            0            0    0.0742177     0.269125    0.0113608
        14100      22.3557      1.54712 -4.56232e-16 -2.35922e-15 -2.42929e-18            0            0            0    0.0685693     0.269643    0.0113217   0.00533149 -0.000949277  0.000340713            0            0            0    0.0739008     0.268694    0.0116624
        14200      22.5174      1.54712 -4.56232e-16 -2.35922e-15 -2.42929e-18            0            0            0     0.068792     0.270357    0.0111991   0.00533648 -0.000955317  0.000341711            0            0            0    0.0741285     0.269401    0.0115408
        14300      22.6795      1.54712 -4.56232e-16 -2.35922e-15 -2.42929e-18            0            0            0    0.0694193     0.271445    0.0106599   0.00533101 -0.000949731  0.000341148            0            0            0    0.0747503     0.270496     0.011001
        14400       22.841      1.54712 -4.56232e-16 -2.35922e-15 -2.42929e-18            0            0            0    0.0691941     0.270811    0.0109601   0.00533873 -0.000951771   0.00034439            0            0            0    0.0745329     0.269859    0.0113045
        14500      23.0028      1.54712 -4.56232e-16 -2.35922e-15 -2.42929e-18            0            0            0    0.0687795     0.270239    0.0114897   0.00534942 -0.000958952  0.000344228            0            0            0    0.0741289      0.26928    0.0118339
        14600      23.1651      1.54712 -4.56232e-16 -2.35922e-15 -2.42929e-18            0            0            0    0.0700848     0.273208    0.0111391   0.00534989 -0.000963904  0.000352154            0            0            0    0.0754346     0.272244    0.0114913
        14700      23.3267      1.54712 -4.56232e-16 -2.35922e-15 -2.42929e-18            0            0            0    0.0697763     0.272481    0.0112885   0.00535403 -0.000965662  0.000353108            0            0            0    0.0751303     0.271515    0.0116416
        14800      23.4882      1.54712 -4.56232e-16 -2.35922e-15 -2.42929e-18            0            0            0    0.0694699     0.271519    0.0113339   0.00536061 -0.000963265  0.000352797            0            0            0    0.0748305     0.270556    0.0116867
        14900      23.6503      1.54712 -4.56232e-16 -2.35922e-15 -2.42929e-18            0            0            0    0.0695958     0.271819    0.0115062    0.0053491 -0.000962926  0.000351559            0            0            0    0.0749449     0.270856    0.0118578
        15000      23.8122      1.54712 -4.56232e-16 -2.35922e-15 -2.42929e-18            0            0            0    0.0694932     0.271884    0.0112268   0.00534184  -0.00095582  0.000349224            0            0            0     0.074835     0.270928     0.011576
        15100      23.9731      1.54712 -4.56232e-16 -2.35922e-15 -2.42929e-18            0            0            0    0.0693831     0.271123    0.0106905   0.00534796 -0.000953951  0.000354351            0            0            0    0.0747311     0.270169    0.0110448
        15200      24.1352      1.54712 -4.56232e-16 -2.35922e-15 -2.42929e-18            0            0            0     0.069695     0.272139    0.0108906   0.00533704 -0.000952699  0.000345949            0            0            0     0.075032     0.271186    0.0112366
        15300      24.2968      1.54712 -4.56232e-16 -2.35922e-15 -2.42929e-18            0            0            0     0.069708     0.272622    0.0110406   0.00531927 -0.000941751  0.000343051            0            0            0    0.0750273      0.27168    0.0113837
        15400      24.4507      1.54712 -4.56232e-16 -2.35922e-15 -2.42929e-18            0            0            0    0.0692352     0.271589    0.0109352   0.00532771 -0.000942017  0.000348662            0            0            0    0.0745629     0.270647    0.0112838
        15500      24.6127      1.54712 -4.56232e-16 -2.35922e-15 -2.42929e-18            0            0            0    0.0699847     0.272985    0.0106758   0.00532951 -0.000946313  0.000349422            0            0            0    0.0753142     0.272038    0.0110252
        15600      24.7738      1.54712 -4.56232e-16 -2.35922e-15 -2.42929e-18            0            0            0    0.0701553     0.273004    0.0109564   0.00533148 -0.000957052  0.000345769            0            0            0    0.0754868     0.272047    0.0113022
        15700      24.9352      1.54712 -4.56232e-16 -2.35922e-15 -2.42929e-18            0            0            0    0.0694404     0.271435    0.0113615   0.00534295 -0.000959322  0.000348973            0            0            0    0.0747833     0.270476    0.0117105
        15800      25.0969      1.54712 -4.56232e-16 -2.35922e-15 -2.42929e-18            0            0            0    0.0698116     0.272589    0.0112827   0.00535108 -0.000962716   0.00035751            0            0            0    0.0751627     0.271626    0.0116402
        15900      25.2588      1.54712 -4.56232e-16 -2.35922e-15 -2.42929e-18            0            0            0     0.069363     0.271371    0.0109823   0.00535391 -0.000970501  0.000362241            0            0            0    0.0747169     0.270401    0.0113445
        16000      25.4219      1.54712 -4.56232e-16 -2.35922e-15 -2.42929e-18            0            0            0    0.0699594     0.272458    0.0111753   0.00535428 -0.000972475  0.000357836            0            0            0    0.0753137     0.271486    0.0115331
        16100      25.5835      1.54712 -4.56232e-16 -2.35922e-15 -2.42929e-18            0            0            0    0.0683987     0.268907    0.0118066   0.00535946 -0.000977998   0.00035758            0            0            0    0.0737582     0.267929    0.0121642
        16200       25.745      1.54712 -4.56232e-16 -2.35922e-15 -2.42929e-18            0            0            0      0.06869     0.270057    0.0118907   0.00534532 -0.000969529  0.000361303            0            0            0    0.0740353     0.269087     0.012252
        16300      25.9064      1.54712 -4.56232e-16 -2.35922e-15 -2.42929e-18            0            0            0    0.0694713     0.271451    0.0116066   0.00534369 -0.000964557  0.000358497            0            0            0     0.074815     0.270487    0.0119651
        16400      26.0646      1.54712 -4.56232e-16 -2.35922e-15 -2.42929e-18            0            0            0    0.0690561     0.270146    0.0118877   0.00534932 -0.000961593  0.000357545            0            0            0    0.0744054     0.269184    0.0122452
        16500      26.2269      1.54712 -4.56232e-16 -2.35922e-15 -2.42929e-18            0            0            0    0.0687346     0.269339    0.0117509   0.00535081 -0.000959448  0.000362469            0            0            0    0.0740854     0.268379    0.0121133
        16600      26.3833      1.54712 -4.56232e-16 -2.35922e-15 -2.42929e-18            0            0            0    0.0687885     0.270022    0.0118425   0.00535633 -0.000961711  0.000368359            0            0            0    0.0741448      0.26906    0.0122108
        16700      26.5421      1.54712 -4.56232e-16 -2.35922e-15 -2.42929e-18            0            0            0    0.0692079     0.270952    0.0115641   0.00535927 -0.000961637  0.000366741            0            0            0    0.0745672      0.26999    0.0119309
        16800       26.702      1.54712 -4.56232e-16 -2.35922e-15 -2.42929e-18            0            0            0    0.0693798     0.270611    0.0115073   0.00535621 -0.000961777  0.000358984            0            0            0     0.074736     0.269649    0.0118663
        16900      26.8597      1.54712 -4.56232e-16 -2.35922e-15 -2.42929e-18            0            0            0    0.0686602     0.269627    0.0121989   0.00535222 -0.000959802  0.000363653            0            0            0    0.0740124     0.268667    0.0125626
        17000      27.0206      1.54712 -4.56232e-16 -2.35922e-15 -2.42929e-18            0            0            0    0.0692549     0.270621    0.0114305   0.00535109 -0.000958332  0.000370423            0            0            0     0.074606     0.269662    0.0118009
        17100      27.1817      1.54712 -4.56232e-16 -2.35922e-15 -2.42929e-18            0            0            0    0.0684569      0.26883    0.0115817   0.00535312 -0.000963202  0.000368425            0            0            0    0.0738101     0.267867    0.0119501
        17200      27.3444      1.54712 -4.56232e-16 -2.35922e-15 -2.42929e-18            0            0            0    0.0692462     0.270365    0.0116953   0.00534617 -0.000964774  0.000358738            0            0            0    0.0745924       0.2694     0.012054
        17300      27.5049      1.54712 -4.56232e-16 -2.35922e-15 -2.42929e-18            0            0            0    0.0692809     0.270315    0.0118308   0.00535756 -0.000960117  0.000361721            0            0            0    0.0746385     0.269354    0.0121926
        17400      27.6666      1.54712 -4.56232e-16 -2.35922e-15 -2.42929e-18            0            0            0    0.0683792     0.268824    0.0118765   0.00535927 -0.000958508  0.000363412            0            0            0    0.0737385     0.267865    0.0122399
        17500      27.8258      1.54712 -4.56232e-16 -2.35922e-15 -2.42929e-18            0            0            0    0.0687886     0.269344    0.0110483    0.0053605 -0.000959969  0.000362575            0            0            0    0.0741491     0.268384    0.0114109
        17600      27.9803      1.54712 -4.56232e-16 -2.35922e-15 -2.42929e-18            0            0            0    0.0700131     0.271946    0.0113368   0.00534645 -0.000959446  0.000351296            0            0            0    0.0753596     0.270987    0.0116881
        17700      28.1417      1.54712 -4.56232e-16 -2.35922e-15 -2.42929e-18            0            0            0    0.0702566     0.272441    0.0117006   0.00534962 -0.000956478  0.000349974            0            0            0    0.0756063     0.271484    0.0120506
        17800      28.3034      1.54712 -4.56232e-16 -2.35922e-15 -2.42929e-18            0            0            0    0.0692816      0.27025    0.0113213   0.00536017 -0.000962684  0.000354095            0            0            0    0.0746417     0.269288    0.0116754
        17900      28.4473      1.54712 -4.56232e-16 -2.35922e-15 -2.42929e-18            0            0            0    0.0689818     0.269595     0.011795   0.00535979  -0.00096263  0.000347523            0            0            0    0.0743416     0.268633    0.0121425
        18000      28.6103      1.54712 -4.56232e-16 -2.35922e-15 -2.42929e-18            0            0            0    0.0693418     0.270328    0.0116498   0.00533722 -0.000949213  0.000343085            0            0            0    0.0746791     0.269379    0.0119929
        18100      28.7721      1.54712 -4.56232e-16 -2.35922e-15 -2.42929e-18            0            0            0    0.0688437     0.269889    0.0112218   0.00534347 -0.000948599  0.000341119            0            0            0    0.0741872     0.268941    0.0115629
        18200      28.9338      1.54712 -4.56232e-16 -2.35922e-15 -2.42929e-18            0            0            0     0.069008     0.270406    0.0108398   0.00533259 -0.000944806  0.000341456            0            0            0    0.0743406     0.269461    0.0111812
        18300      29.0948      1.54712 -4.56232e-16 -2.35922e-15 -2.42929e-18            0            0            0    0.0691979     0.270962      0.01104   0.00532561 -0.000944554   0.00034045            0            0            0    0.0745235     0.270017    0.0113804
        18400      29.2568      1.54712 -4.56232e-16 -2.35922e-15 -2.42929e-18            0            0            0    0.0693354      0.27147    0.0109427   0.00532791 -0.000941928  0.000339136            0            0            0    0.0746633     0.270528    0.0112819
        18500      29.4196      1.54712 -4.56232e-16 -2.35922e-15 -2.42929e-18            0            0            0    0.0697624     0.272764     0.010897   0.00532405 -0.000940902  0.000338425            0            0            0    0.0750864     0.271823    0.0112354
        18600      29.5808      1.54712 -4.56232e-16 -2.35922e-15 -2.42929e-18            0            0            0     0.069361     0.272122    0.0104006   0.00532703 -0.000944238  0.000342702            0            0            0    0.0746881     0.271178    0.0107433
        18700      29.7418      1.54712 -4.56232e-16 -2.35922e-15 -2.42929e-18            0            0            0     0.069182     0.271635    0.0106703   0.00532272 -0.000943019  0.000344758            0            0            0    0.0745047     0.270692    0.0110151
        18800      29.9023      1.54712 -4.56232e-16 -2.35922e-15 -2.42929e-18            0            0            0    0.0689685     0.271112    0.0109998   0.00532067 -0.000939232  0.000343422            0            0            0    0.0742891     0.270172    0.0113432
        18900      30.0574      1.54712 -4.56232e-16 -2.35922e-15 -2.42929e-18            0            0            0    0.0696584     0.272772     0.010774   0.00532235 -0.000938457    0.0003397            0            0            0    0.0749807     0.271834    0.0111137
        19000      30.2181      1.54712 -4.56232e-16 -2.35922e-15 -2.42929e-18            0            0            0    0.0698402     0.272773    0.0106749   0.00532665 -0.000941313  0.000338736            0            0            0    0.0751669     0.271831    0.0110136
        19100      30.3796      1.54712 -4.56232e-16 -2.35922e-15 -2.42929e-18            0            0            0    0.0687287     0.270318    0.0111961   0.00533589 -0.000948872  0.000344188            0            0            0    0.0740646     0.269369    0.0115403
        19200      30.5401      1.54712 -4.56232e-16 -2.35922e-15 -2.42929e-18            0            0            0    0.0694192     0.271894    0.0110896    0.0053319  -0.00095048  0.000347231            0            0            0    0.0747511     0.270944    0.0114368
        19300      30.7024      1.54712 -4.56232e-16 -2.35922e-15 -2.42929e-18            0            0            0    0.0700748     0.273358    0.0105959   0.00533453 -0.000948354  0.000343391            0            0            0    0.0754093      0.27241    0.0109393
        19400      30.8645      1.54712 -4.56232e-16 -2.35922e-15 -2.42929e-18            0            0            0    0.0688736       0.2706    0.0105636   0.00534011 -0.000951208  0.000346271            0            0            0    0.0742137     0.269649    0.0109099
        19500      31.0258      1.54712 -4.56232e-16 -2.35922e-15 -2.42929e-18            0            0            0    0.0690915     0.270653    0.0105753   0.00533348 -0.000947004  0.000347668            0            0            0     0.074425     0.269706     0.010923
        19600      31.1846      1.54712 -4.56232e-16 -2.35922e-15 -2.42929e-18            0            0            0    0.0692742     0.271493     0.010891   0.00532545 -0.000938806  0.000343887            0            0            0    0.0745997     0.270554    0.0112348
        19700      31.3468      1.54712 -4.56232e-16 -2.35922e-15 -2.42929e-18            0            0            0    0.0691555     0.271245    0.0108258   0.00532358 -0.000941419  0.000343505            0            0            0    0.0744791     0.270304    0.0111693
        19800      31.5083      1.54712 -4.56232e-16 -2.35922e-15 -2.42929e-18            0            0            0    0.0690916     0.270799    0.0111726   0.00533102  -0.00094811  0.000342752            0            0            0    0.0744226     0.269851    0.0115153
        19900      31.6697      1.54712 -4.56232e-16 -2.35922e-15 -2.42929e-18            0            0            0    0.0693706     0.271108    0.0114442   0.00532969 -0.000956657  0.000344458            0            0            0    0.0747003     0.270151    0.0117887
        20000      31.8289      1.54712 -4.56232e-16 -2.35922e-15 -2.42929e-18            0            0            0    0.0694667     0.271652    0.0115583   0.00532834  -0.00095708  0.000345742            0            0            0    0.0747951     0.270695    0.0119041
